 &plot nbnd=   8, nks=   142 /
            0.000000  0.000000  0.000000
   -5.838    6.144    6.144    6.144    8.666    8.666    8.666    9.442
            0.000000  0.028284  0.000000
   -5.831    6.096    6.113    6.113    8.648    8.706    8.706    9.490
            0.000000  0.056569  0.000000
   -5.810    5.958    6.026    6.026    8.594    8.819    8.819    9.623
            0.000000  0.084853  0.000000
   -5.775    5.750    5.896    5.896    8.510    8.992    8.992    9.819
            0.000000  0.113137  0.000000
   -5.726    5.492    5.736    5.736    8.400    9.211    9.211   10.048
            0.000000  0.141421  0.000000
   -5.663    5.200    5.560    5.560    8.271    9.464    9.464   10.273
            0.000000  0.169706  0.000000
   -5.586    4.885    5.374    5.374    8.128    9.742    9.742   10.448
            0.000000  0.197990  0.000000
   -5.495    4.555    5.187    5.187    7.979   10.039   10.039   10.511
            0.000000  0.226274  0.000000
   -5.391    4.215    5.000    5.000    7.826   10.351   10.351   10.425
            0.000000  0.254558  0.000000
   -5.273    3.867    4.818    4.818    7.674   10.218   10.674   10.674
            0.000000  0.282843  0.000000
   -5.141    3.515    4.642    4.642    7.525    9.944   11.006   11.006
            0.000000  0.311127  0.000000
   -4.996    3.159    4.474    4.474    7.383    9.641   11.346   11.346
            0.000000  0.339411  0.000000
   -4.838    2.801    4.315    4.315    7.249    9.331   11.692   11.692
            0.000000  0.367696  0.000000
   -4.666    2.442    4.165    4.165    7.125    9.025   12.044   12.044
            0.000000  0.395980  0.000000
   -4.482    2.082    4.026    4.026    7.011    8.731   12.400   12.400
            0.000000  0.424264  0.000000
   -4.285    1.723    3.898    3.898    6.911    8.451   12.760   12.760
            0.000000  0.452548  0.000000
   -4.076    1.365    3.781    3.781    6.823    8.190   13.124   13.124
            0.000000  0.480833  0.000000
   -3.854    1.009    3.675    3.675    6.749    7.948   13.491   13.491
            0.000000  0.509117  0.000000
   -3.621    0.655    3.582    3.582    6.690    7.725   13.862   13.862
            0.000000  0.537401  0.000000
   -3.376    0.305    3.500    3.500    6.647    7.524   14.235   14.235
            0.000000  0.565685  0.000000
   -3.119   -0.041    3.431    3.431    6.620    7.343   14.610   14.610
            0.000000  0.593970  0.000000
   -2.852   -0.382    3.374    3.374    6.609    7.182   14.986   14.986
            0.000000  0.622254  0.000000
   -2.574   -0.718    3.330    3.330    6.616    7.043   15.358   15.358
            0.000000  0.650538  0.000000
   -2.287   -1.047    3.299    3.299    6.640    6.923   15.719   15.719
            0.000000  0.678823  0.000000
   -1.990   -1.369    3.280    3.280    6.682    6.823   16.037   16.037
            0.000000  0.707107  0.000000
   -1.684   -1.684    3.273    3.273    6.743    6.743   16.193   16.193
            0.011785  0.707107  0.011785
   -1.685   -1.681    3.256    3.275    6.746    6.769   16.165   16.178
            0.023570  0.707107  0.023570
   -1.687   -1.673    3.205    3.281    6.752    6.844   16.087   16.134
            0.035355  0.707107  0.035355
   -1.692   -1.660    3.126    3.291    6.764    6.963   15.966   16.064
            0.047140  0.707107  0.047140
   -1.700   -1.642    3.024    3.305    6.780    7.122   15.814   15.971
            0.058926  0.707107  0.058926
   -1.710   -1.618    2.905    3.322    6.800    7.313   15.639   15.860
            0.070711  0.707107  0.070711
   -1.723   -1.589    2.777    3.344    6.825    7.532   15.449   15.733
            0.082496  0.707107  0.082496
   -1.740   -1.555    2.643    3.369    6.854    7.774   15.249   15.595
            0.094281  0.707107  0.094281
   -1.762   -1.516    2.509    3.398    6.888    8.034   15.043   15.447
            0.106066  0.707107  0.106066
   -1.788   -1.471    2.378    3.431    6.926    8.310   14.833   15.292
            0.117851  0.707107  0.117851
   -1.821   -1.421    2.253    3.467    6.969    8.600   14.620   15.133
            0.129636  0.707107  0.129636
   -1.860   -1.366    2.136    3.507    7.016    8.901   14.408   14.970
            0.141421  0.707107  0.141421
   -1.906   -1.306    2.030    3.551    7.066    9.212   14.195   14.748
            0.153206  0.707107  0.153206
   -1.959   -1.241    1.936    3.598    7.122    9.531   13.984   14.524
            0.164992  0.707107  0.164992
   -2.021   -1.170    1.855    3.649    7.181    9.858   13.774   14.305
            0.176777  0.707107  0.176777
   -2.092   -1.094    1.788    3.703    7.244   10.191   13.567   14.090
            0.530330  0.530330  0.000000
   -2.092   -1.094    1.788    3.703    7.244   10.191   13.567   14.090
            0.515178  0.515178  0.000000
   -2.194   -0.989    1.725    3.777    7.330   10.626   13.305   13.823
            0.500026  0.500026  0.000000
   -2.310   -0.876    1.685    3.856    7.422   11.064   13.048   13.569
            0.484873  0.484873  0.000000
   -2.438   -0.754    1.670    3.940    7.521   11.497   12.796   13.336
            0.469721  0.469721  0.000000
   -2.576   -0.623    1.678    4.028    7.624   11.901   12.550   13.145
            0.454569  0.454569  0.000000
   -2.722   -0.485    1.708    4.121    7.732   12.197   12.310   13.075
            0.439416  0.439416  0.000000
   -2.875   -0.337    1.758    4.217    7.844   12.078   12.243   13.097
            0.424264  0.424264  0.000000
   -3.033   -0.182    1.827    4.317    7.959   11.851   12.111   12.917
            0.409112  0.409112  0.000000
   -3.194   -0.018    1.912    4.419    8.078   11.632   11.926   12.746
            0.393959  0.393959  0.000000
   -3.357    0.153    2.012    4.524    8.197   11.420   11.729   12.584
            0.378807  0.378807  0.000000
   -3.520    0.333    2.127    4.630    8.317   11.216   11.529   12.432
            0.363655  0.363655  0.000000
   -3.681    0.521    2.254    4.737    8.436   11.019   11.333   12.292
            0.348503  0.348503  0.000000
   -3.840    0.717    2.392    4.845    8.553   10.829   11.142   12.166
            0.333350  0.333350  0.000000
   -3.996    0.921    2.542    4.952    8.664   10.647   10.957   12.053
            0.318198  0.318198  0.000000
   -4.148    1.132    2.701    5.058    8.769   10.473   10.779   11.956
            0.303046  0.303046  0.000000
   -4.296    1.352    2.868    5.161    8.865   10.306   10.607   11.876
            0.287893  0.287893  0.000000
   -4.439    1.578    3.044    5.263    8.950   10.147   10.442   11.814
            0.272741  0.272741  0.000000
   -4.576    1.812    3.227    5.360    9.021    9.996   10.284   11.769
            0.257589  0.257589  0.000000
   -4.707    2.053    3.416    5.453    9.078    9.853   10.133   11.741
            0.242437  0.242437  0.000000
   -4.833    2.301    3.610    5.541    9.119    9.719    9.990   11.727
            0.227284  0.227284  0.000000
   -4.951    2.556    3.809    5.623    9.144    9.592    9.853   11.721
            0.212132  0.212132  0.000000
   -5.063    2.817    4.012    5.700    9.156    9.473    9.723   11.714
            0.196980  0.196980  0.000000
   -5.168    3.083    4.216    5.769    9.155    9.362    9.600   11.695
            0.181827  0.181827  0.000000
   -5.266    3.355    4.422    5.833    9.145    9.259    9.483   11.648
            0.166675  0.166675  0.000000
   -5.356    3.632    4.628    5.889    9.126    9.165    9.373   11.558
            0.151523  0.151523  0.000000
   -5.439    3.913    4.831    5.939    9.078    9.101    9.269   11.413
            0.136371  0.136371  0.000000
   -5.514    4.196    5.031    5.982    9.000    9.072    9.172   11.213
            0.121218  0.121218  0.000000
   -5.582    4.480    5.224    6.019    8.930    9.039    9.081   10.971
            0.106066  0.106066  0.000000
   -5.641    4.764    5.408    6.051    8.868    8.996    9.003   10.702
            0.090914  0.090914  0.000000
   -5.693    5.042    5.581    6.077    8.815    8.919    8.964   10.425
            0.075761  0.075761  0.000000
   -5.738    5.312    5.738    6.099    8.770    8.849    8.920   10.155
            0.060609  0.060609  0.000000
   -5.774    5.565    5.875    6.116    8.732    8.787    8.869    9.909
            0.045457  0.045457  0.000000
   -5.802    5.792    5.988    6.128    8.704    8.737    8.809    9.705
            0.030305  0.030305  0.000000
   -5.822    5.977    6.073    6.137    8.683    8.699    8.743    9.557
            0.015152  0.015152  0.000000
   -5.834    6.100    6.126    6.142    8.671    8.675    8.688    9.470
            0.000000  0.000000  0.000000
   -5.838    6.144    6.144    6.144    8.666    8.666    8.666    9.442
            0.017678  0.017678  0.017678
   -5.830    6.045    6.130    6.130    8.687    8.687    8.691    9.501
            0.035355  0.035355  0.035355
   -5.805    5.781    6.088    6.088    8.723    8.748    8.748    9.687
            0.053033  0.053033  0.053033
   -5.764    5.413    6.024    6.024    8.714    8.842    8.842    9.992
            0.070711  0.070711  0.070711
   -5.707    4.987    5.943    5.943    8.664    8.961    8.961   10.373
            0.088388  0.088388  0.088388
   -5.633    4.531    5.852    5.852    8.588    9.094    9.094   10.795
            0.106066  0.106066  0.106066
   -5.544    4.061    5.755    5.755    8.497    9.230    9.230   11.235
            0.123744  0.123744  0.123744
   -5.439    3.587    5.657    5.657    8.398    9.358    9.358   11.681
            0.141421  0.141421  0.141421
   -5.319    3.115    5.560    5.560    8.297    9.468    9.468   12.124
            0.159099  0.159099  0.159099
   -5.185    2.649    5.467    5.467    8.197    9.553    9.553   12.560
            0.176777  0.176777  0.176777
   -5.036    2.193    5.380    5.380    8.102    9.607    9.607   12.978
            0.194454  0.194454  0.194454
   -4.875    1.750    5.299    5.299    8.012    9.631    9.631   13.360
            0.212132  0.212132  0.212132
   -4.702    1.322    5.225    5.225    7.929    9.630    9.630   13.664
            0.229810  0.229810  0.229810
   -4.519    0.912    5.159    5.159    7.855    9.610    9.610   13.833
            0.247487  0.247487  0.247487
   -4.330    0.525    5.102    5.102    7.790    9.578    9.578   13.871
            0.265165  0.265165  0.265165
   -4.138    0.165    5.053    5.053    7.734    9.541    9.541   13.841
            0.282843  0.282843  0.282843
   -3.950   -0.161    5.013    5.013    7.688    9.504    9.504   13.792
            0.300520  0.300520  0.300520
   -3.776   -0.444    4.982    4.982    7.652    9.472    9.472   13.743
            0.318198  0.318198  0.318198
   -3.629   -0.668    4.959    4.959    7.626    9.447    9.447   13.704
            0.335876  0.335876  0.335876
   -3.529   -0.814    4.946    4.946    7.610    9.431    9.431   13.679
            0.353553  0.353553  0.353553
   -3.493   -0.866    4.941    4.941    7.605    9.426    9.426   13.670
            0.353553  0.365339  0.341768
   -3.490   -0.864    4.917    4.937    7.628    9.421    9.435   13.683
            0.353553  0.377124  0.329983
   -3.483   -0.860    4.848    4.923    7.691    9.407    9.464   13.718
            0.353553  0.388909  0.318198
   -3.471   -0.854    4.740    4.900    7.789    9.385    9.515   13.774
            0.353553  0.400694  0.306413
   -3.454   -0.845    4.602    4.867    7.909    9.357    9.587   13.847
            0.353553  0.412479  0.294628
   -3.432   -0.833    4.442    4.825    8.041    9.325    9.685   13.929
            0.353553  0.424264  0.282843
   -3.405   -0.820    4.269    4.774    8.177    9.292    9.810   14.013
            0.353553  0.436049  0.271058
   -3.374   -0.804    4.086    4.715    8.310    9.259    9.963   14.086
            0.353553  0.447834  0.259272
   -3.338   -0.787    3.898    4.646    8.435    9.228   10.145   14.134
            0.353553  0.459619  0.247487
   -3.297   -0.769    3.709    4.569    8.553    9.201   10.353   14.145
            0.353553  0.471405  0.235702
   -3.251   -0.750    3.520    4.484    8.662    9.180   10.586   14.111
            0.353553  0.483190  0.223917
   -3.201   -0.731    3.335    4.392    8.765    9.166   10.840   14.033
            0.353553  0.494975  0.212132
   -3.146   -0.712    3.154    4.293    8.863    9.160   11.111   13.858
            0.353553  0.506760  0.200347
   -3.086   -0.695    2.980    4.188    8.958    9.161   11.398   13.629
            0.353553  0.518545  0.188562
   -3.022   -0.681    2.815    4.078    9.052    9.171   11.697   13.404
            0.353553  0.530330  0.176777
   -2.954   -0.669    2.659    3.963    9.146    9.190   12.006   13.184
            0.353553  0.542115  0.164992
   -2.881   -0.663    2.515    3.845    9.218    9.240   12.324   12.970
            0.353553  0.553900  0.153206
   -2.804   -0.663    2.384    3.723    9.254    9.336   12.648   12.761
            0.353553  0.565685  0.141421
   -2.723   -0.671    2.269    3.600    9.298    9.433   12.557   12.951
            0.353553  0.577471  0.129636
   -2.638   -0.688    2.170    3.475    9.351    9.533   12.359   12.776
            0.353553  0.589256  0.117851
   -2.549   -0.715    2.089    3.350    9.412    9.636   12.167   12.601
            0.353553  0.601041  0.106066
   -2.457   -0.753    2.027    3.225    9.480    9.741   11.981   12.428
            0.353553  0.612826  0.094281
   -2.361   -0.803    1.984    3.102    9.556    9.847   11.802   12.257
            0.353553  0.624611  0.082496
   -2.262   -0.864    1.961    2.980    9.638    9.956   11.631   12.090
            0.353553  0.636396  0.070711
   -2.160   -0.935    1.956    2.860    9.727   10.065   11.468   11.926
            0.353553  0.648181  0.058926
   -2.056   -1.016    1.969    2.744    9.822   10.172   11.317   11.766
            0.353553  0.659966  0.047140
   -1.950   -1.105    1.997    2.633    9.922   10.272   11.183   11.611
            0.353553  0.671751  0.035355
   -1.842   -1.201    2.041    2.526   10.025   10.355   11.075   11.463
            0.353553  0.683537  0.023570
   -1.733   -1.302    2.097    2.424   10.130   10.401   11.014   11.323
            0.353553  0.695322  0.011785
   -1.623   -1.407    2.165    2.330   10.233   10.389   11.020   11.195
            0.353553  0.707107  0.000000
   -1.514   -1.514    2.243    2.243   10.325   10.325   11.089   11.089
            0.329983  0.707107  0.000000
   -1.516   -1.516    2.252    2.252   10.158   10.158   11.265   11.265
            0.306413  0.707107 -0.000000
   -1.523   -1.523    2.278    2.278    9.839    9.839   11.612   11.612
            0.282843  0.707107  0.000000
   -1.532   -1.532    2.322    2.322    9.493    9.493   12.007   12.007
            0.259272  0.707107  0.000000
   -1.545   -1.545    2.382    2.382    9.146    9.146   12.420   12.420
            0.235702  0.707107  0.000000
   -1.560   -1.560    2.456    2.456    8.807    8.807   12.845   12.845
            0.212132  0.707107 -0.000000
   -1.577   -1.577    2.542    2.542    8.481    8.481   13.276   13.276
            0.188562  0.707107  0.000000
   -1.594   -1.594    2.639    2.639    8.171    8.171   13.711   13.711
            0.164992  0.707107  0.000000
   -1.612   -1.612    2.742    2.742    7.880    7.880   14.147   14.147
            0.141421  0.707107  0.000000
   -1.629   -1.629    2.849    2.849    7.611    7.611   14.578   14.578
            0.117851  0.707107  0.000000
   -1.644   -1.644    2.955    2.955    7.369    7.369   14.998   14.998
            0.094281  0.707107  0.000000
   -1.658   -1.658    3.055    3.055    7.157    7.157   15.394   15.394
            0.070711  0.707107 -0.000000
   -1.669   -1.669    3.143    3.143    6.983    6.983   15.741   15.741
            0.047140  0.707107  0.000000
   -1.677   -1.677    3.213    3.213    6.853    6.853   16.002   16.002
            0.023570  0.707107  0.000000
   -1.682   -1.682    3.258    3.258    6.771    6.771   16.148   16.148
            0.000000  0.707107  0.000000
   -1.684   -1.684    3.273    3.273    6.743    6.743   16.193   16.193
