# E (eV) pdos(E) 
 -5.838  0.000E+00
 -5.828  0.322E-02
 -5.818  0.128E-01
 -5.808  0.286E-01
 -5.798  0.506E-01
 -5.788  0.786E-01
 -5.778  0.716E-01
 -5.768  0.720E-01
 -5.758  0.778E-01
 -5.748  0.836E-01
 -5.738  0.898E-01
 -5.728  0.960E-01
 -5.718  0.102E+00
 -5.708  0.109E+00
 -5.698  0.115E+00
 -5.688  0.121E+00
 -5.678  0.125E+00
 -5.668  0.127E+00
 -5.658  0.129E+00
 -5.648  0.129E+00
 -5.638  0.131E+00
 -5.628  0.134E+00
 -5.618  0.137E+00
 -5.608  0.140E+00
 -5.598  0.143E+00
 -5.588  0.146E+00
 -5.578  0.150E+00
 -5.568  0.153E+00
 -5.558  0.156E+00
 -5.548  0.159E+00
 -5.538  0.163E+00
 -5.528  0.166E+00
 -5.518  0.169E+00
 -5.508  0.170E+00
 -5.498  0.171E+00
 -5.488  0.173E+00
 -5.478  0.174E+00
 -5.468  0.176E+00
 -5.458  0.178E+00
 -5.448  0.179E+00
 -5.438  0.181E+00
 -5.428  0.182E+00
 -5.418  0.184E+00
 -5.408  0.185E+00
 -5.398  0.187E+00
 -5.388  0.189E+00
 -5.378  0.191E+00
 -5.368  0.193E+00
 -5.358  0.195E+00
 -5.348  0.197E+00
 -5.338  0.199E+00
 -5.328  0.202E+00
 -5.318  0.204E+00
 -5.308  0.206E+00
 -5.298  0.208E+00
 -5.288  0.210E+00
 -5.278  0.212E+00
 -5.268  0.212E+00
 -5.258  0.214E+00
 -5.248  0.214E+00
 -5.238  0.214E+00
 -5.228  0.216E+00
 -5.218  0.218E+00
 -5.208  0.218E+00
 -5.198  0.220E+00
 -5.188  0.222E+00
 -5.178  0.222E+00
 -5.168  0.224E+00
 -5.158  0.226E+00
 -5.148  0.226E+00
 -5.138  0.228E+00
 -5.128  0.228E+00
 -5.118  0.230E+00
 -5.108  0.232E+00
 -5.098  0.234E+00
 -5.088  0.234E+00
 -5.078  0.236E+00
 -5.068  0.238E+00
 -5.058  0.240E+00
 -5.048  0.240E+00
 -5.038  0.242E+00
 -5.028  0.244E+00
 -5.018  0.246E+00
 -5.008  0.246E+00
 -4.998  0.248E+00
 -4.988  0.250E+00
 -4.978  0.252E+00
 -4.968  0.252E+00
 -4.958  0.252E+00
 -4.948  0.254E+00
 -4.938  0.254E+00
 -4.928  0.256E+00
 -4.918  0.256E+00
 -4.908  0.258E+00
 -4.898  0.258E+00
 -4.888  0.260E+00
 -4.878  0.260E+00
 -4.868  0.262E+00
 -4.858  0.262E+00
 -4.848  0.264E+00
 -4.838  0.266E+00
 -4.828  0.266E+00
 -4.818  0.268E+00
 -4.808  0.270E+00
 -4.798  0.270E+00
 -4.788  0.272E+00
 -4.778  0.272E+00
 -4.768  0.274E+00
 -4.758  0.276E+00
 -4.748  0.276E+00
 -4.738  0.278E+00
 -4.728  0.280E+00
 -4.718  0.280E+00
 -4.708  0.282E+00
 -4.698  0.282E+00
 -4.688  0.284E+00
 -4.678  0.286E+00
 -4.668  0.288E+00
 -4.658  0.288E+00
 -4.648  0.290E+00
 -4.638  0.292E+00
 -4.628  0.292E+00
 -4.618  0.294E+00
 -4.608  0.294E+00
 -4.598  0.296E+00
 -4.588  0.296E+00
 -4.578  0.298E+00
 -4.568  0.298E+00
 -4.558  0.300E+00
 -4.548  0.302E+00
 -4.538  0.302E+00
 -4.528  0.304E+00
 -4.518  0.304E+00
 -4.508  0.306E+00
 -4.498  0.306E+00
 -4.488  0.308E+00
 -4.478  0.310E+00
 -4.468  0.310E+00
 -4.458  0.312E+00
 -4.448  0.312E+00
 -4.438  0.314E+00
 -4.428  0.316E+00
 -4.418  0.316E+00
 -4.408  0.318E+00
 -4.398  0.320E+00
 -4.388  0.320E+00
 -4.378  0.322E+00
 -4.368  0.324E+00
 -4.358  0.324E+00
 -4.348  0.326E+00
 -4.338  0.328E+00
 -4.328  0.330E+00
 -4.318  0.330E+00
 -4.308  0.332E+00
 -4.298  0.334E+00
 -4.288  0.334E+00
 -4.278  0.336E+00
 -4.268  0.338E+00
 -4.258  0.340E+00
 -4.248  0.340E+00
 -4.238  0.342E+00
 -4.228  0.344E+00
 -4.218  0.346E+00
 -4.208  0.346E+00
 -4.198  0.348E+00
 -4.188  0.350E+00
 -4.178  0.352E+00
 -4.168  0.352E+00
 -4.158  0.354E+00
 -4.148  0.356E+00
 -4.138  0.356E+00
 -4.128  0.358E+00
 -4.118  0.360E+00
 -4.108  0.362E+00
 -4.098  0.364E+00
 -4.088  0.364E+00
 -4.078  0.366E+00
 -4.068  0.368E+00
 -4.058  0.370E+00
 -4.048  0.372E+00
 -4.038  0.374E+00
 -4.028  0.376E+00
 -4.018  0.376E+00
 -4.008  0.378E+00
 -3.998  0.380E+00
 -3.988  0.382E+00
 -3.978  0.384E+00
 -3.968  0.386E+00
 -3.958  0.388E+00
 -3.948  0.390E+00
 -3.938  0.392E+00
 -3.928  0.394E+00
 -3.918  0.396E+00
 -3.908  0.400E+00
 -3.898  0.402E+00
 -3.888  0.404E+00
 -3.878  0.406E+00
 -3.868  0.408E+00
 -3.858  0.410E+00
 -3.848  0.414E+00
 -3.838  0.416E+00
 -3.828  0.418E+00
 -3.818  0.420E+00
 -3.808  0.424E+00
 -3.798  0.426E+00
 -3.788  0.428E+00
 -3.778  0.432E+00
 -3.768  0.434E+00
 -3.758  0.436E+00
 -3.748  0.440E+00
 -3.738  0.442E+00
 -3.728  0.446E+00
 -3.718  0.450E+00
 -3.708  0.454E+00
 -3.698  0.456E+00
 -3.688  0.460E+00
 -3.678  0.464E+00
 -3.668  0.468E+00
 -3.658  0.472E+00
 -3.648  0.476E+00
 -3.638  0.482E+00
 -3.628  0.486E+00
 -3.618  0.492E+00
 -3.608  0.498E+00
 -3.598  0.504E+00
 -3.588  0.508E+00
 -3.578  0.514E+00
 -3.568  0.522E+00
 -3.558  0.528E+00
 -3.548  0.536E+00
 -3.538  0.548E+00
 -3.528  0.566E+00
 -3.518  0.588E+00
 -3.508  0.616E+00
 -3.498  0.650E+00
 -3.488  0.682E+00
 -3.478  0.654E+00
 -3.468  0.608E+00
 -3.458  0.606E+00
 -3.448  0.606E+00
 -3.438  0.604E+00
 -3.428  0.604E+00
 -3.418  0.604E+00
 -3.408  0.604E+00
 -3.398  0.604E+00
 -3.388  0.600E+00
 -3.378  0.594E+00
 -3.368  0.586E+00
 -3.358  0.576E+00
 -3.348  0.566E+00
 -3.338  0.566E+00
 -3.328  0.568E+00
 -3.318  0.572E+00
 -3.308  0.576E+00
 -3.298  0.580E+00
 -3.288  0.582E+00
 -3.278  0.582E+00
 -3.268  0.580E+00
 -3.258  0.576E+00
 -3.248  0.572E+00
 -3.238  0.568E+00
 -3.228  0.562E+00
 -3.218  0.556E+00
 -3.208  0.548E+00
 -3.198  0.542E+00
 -3.188  0.538E+00
 -3.178  0.536E+00
 -3.168  0.534E+00
 -3.158  0.530E+00
 -3.148  0.528E+00
 -3.138  0.524E+00
 -3.128  0.522E+00
 -3.118  0.520E+00
 -3.108  0.518E+00
 -3.098  0.516E+00
 -3.088  0.514E+00
 -3.078  0.512E+00
 -3.068  0.510E+00
 -3.058  0.508E+00
 -3.048  0.506E+00
 -3.038  0.504E+00
 -3.028  0.502E+00
 -3.018  0.498E+00
 -3.008  0.496E+00
 -2.998  0.492E+00
 -2.988  0.490E+00
 -2.978  0.486E+00
 -2.968  0.480E+00
 -2.958  0.476E+00
 -2.948  0.470E+00
 -2.938  0.468E+00
 -2.928  0.468E+00
 -2.918  0.466E+00
 -2.908  0.464E+00
 -2.898  0.462E+00
 -2.888  0.460E+00
 -2.878  0.458E+00
 -2.868  0.456E+00
 -2.858  0.454E+00
 -2.848  0.452E+00
 -2.838  0.450E+00
 -2.828  0.450E+00
 -2.818  0.448E+00
 -2.808  0.446E+00
 -2.798  0.444E+00
 -2.788  0.440E+00
 -2.778  0.438E+00
 -2.768  0.436E+00
 -2.758  0.434E+00
 -2.748  0.430E+00
 -2.738  0.428E+00
 -2.728  0.424E+00
 -2.718  0.422E+00
 -2.708  0.418E+00
 -2.698  0.414E+00
 -2.688  0.410E+00
 -2.678  0.406E+00
 -2.668  0.402E+00
 -2.658  0.400E+00
 -2.648  0.398E+00
 -2.638  0.394E+00
 -2.628  0.392E+00
 -2.618  0.390E+00
 -2.608  0.388E+00
 -2.598  0.386E+00
 -2.588  0.384E+00
 -2.578  0.382E+00
 -2.568  0.380E+00
 -2.558  0.378E+00
 -2.548  0.376E+00
 -2.538  0.374E+00
 -2.528  0.372E+00
 -2.518  0.368E+00
 -2.508  0.366E+00
 -2.498  0.364E+00
 -2.488  0.362E+00
 -2.478  0.358E+00
 -2.468  0.356E+00
 -2.458  0.354E+00
 -2.448  0.352E+00
 -2.438  0.350E+00
 -2.428  0.348E+00
 -2.418  0.346E+00
 -2.408  0.343E+00
 -2.398  0.340E+00
 -2.388  0.338E+00
 -2.378  0.336E+00
 -2.368  0.332E+00
 -2.358  0.330E+00
 -2.348  0.327E+00
 -2.338  0.324E+00
 -2.328  0.320E+00
 -2.318  0.316E+00
 -2.308  0.314E+00
 -2.298  0.312E+00
 -2.288  0.310E+00
 -2.278  0.307E+00
 -2.268  0.305E+00
 -2.258  0.303E+00
 -2.248  0.301E+00
 -2.238  0.298E+00
 -2.228  0.296E+00
 -2.218  0.294E+00
 -2.208  0.292E+00
 -2.198  0.290E+00
 -2.188  0.287E+00
 -2.178  0.285E+00
 -2.168  0.281E+00
 -2.158  0.277E+00
 -2.148  0.273E+00
 -2.138  0.270E+00
 -2.128  0.267E+00
 -2.118  0.265E+00
 -2.108  0.261E+00
 -2.098  0.269E+00
 -2.088  0.268E+00
 -2.078  0.265E+00
 -2.068  0.263E+00
 -2.058  0.260E+00
 -2.048  0.256E+00
 -2.038  0.254E+00
 -2.028  0.250E+00
 -2.018  0.247E+00
 -2.008  0.243E+00
 -1.998  0.243E+00
 -1.988  0.249E+00
 -1.978  0.251E+00
 -1.968  0.250E+00
 -1.958  0.244E+00
 -1.948  0.236E+00
 -1.938  0.221E+00
 -1.928  0.203E+00
 -1.918  0.193E+00
 -1.908  0.183E+00
 -1.898  0.174E+00
 -1.888  0.164E+00
 -1.878  0.155E+00
 -1.868  0.146E+00
 -1.858  0.137E+00
 -1.848  0.129E+00
 -1.838  0.121E+00
 -1.828  0.113E+00
 -1.818  0.105E+00
 -1.808  0.983E-01
 -1.798  0.913E-01
 -1.788  0.848E-01
 -1.778  0.783E-01
 -1.768  0.723E-01
 -1.758  0.665E-01
 -1.748  0.611E-01
 -1.738  0.559E-01
 -1.728  0.508E-01
 -1.718  0.460E-01
 -1.708  0.414E-01
 -1.698  0.370E-01
 -1.688  0.328E-01
 -1.678  0.289E-01
 -1.668  0.256E-01
 -1.658  0.230E-01
 -1.648  0.210E-01
 -1.638  0.192E-01
 -1.628  0.179E-01
 -1.618  0.169E-01
 -1.608  0.162E-01
 -1.598  0.160E-01
 -1.588  0.161E-01
 -1.578  0.165E-01
 -1.568  0.174E-01
 -1.558  0.187E-01
 -1.548  0.203E-01
 -1.538  0.223E-01
 -1.528  0.249E-01
 -1.518  0.284E-01
 -1.508  0.324E-01
 -1.498  0.366E-01
 -1.488  0.409E-01
 -1.478  0.452E-01
 -1.468  0.498E-01
 -1.458  0.544E-01
 -1.448  0.590E-01
 -1.438  0.638E-01
 -1.428  0.686E-01
 -1.418  0.737E-01
 -1.408  0.787E-01
 -1.398  0.838E-01
 -1.388  0.891E-01
 -1.378  0.945E-01
 -1.368  0.999E-01
 -1.358  0.105E+00
 -1.348  0.111E+00
 -1.338  0.116E+00
 -1.328  0.122E+00
 -1.318  0.127E+00
 -1.308  0.132E+00
 -1.298  0.138E+00
 -1.288  0.143E+00
 -1.278  0.148E+00
 -1.268  0.153E+00
 -1.258  0.158E+00
 -1.248  0.163E+00
 -1.238  0.168E+00
 -1.228  0.173E+00
 -1.218  0.178E+00
 -1.208  0.183E+00
 -1.198  0.187E+00
 -1.188  0.192E+00
 -1.178  0.197E+00
 -1.168  0.203E+00
 -1.158  0.208E+00
 -1.148  0.208E+00
 -1.138  0.204E+00
 -1.128  0.215E+00
 -1.118  0.219E+00
 -1.108  0.217E+00
 -1.098  0.217E+00
 -1.088  0.219E+00
 -1.078  0.223E+00
 -1.068  0.227E+00
 -1.058  0.230E+00
 -1.048  0.233E+00
 -1.038  0.237E+00
 -1.028  0.241E+00
 -1.018  0.245E+00
 -1.008  0.249E+00
 -0.998  0.253E+00
 -0.988  0.255E+00
 -0.978  0.258E+00
 -0.968  0.260E+00
 -0.958  0.263E+00
 -0.948  0.266E+00
 -0.938  0.268E+00
 -0.928  0.272E+00
 -0.918  0.274E+00
 -0.908  0.278E+00
 -0.898  0.280E+00
 -0.888  0.284E+00
 -0.878  0.286E+00
 -0.868  0.290E+00
 -0.858  0.292E+00
 -0.848  0.298E+00
 -0.838  0.304E+00
 -0.828  0.310E+00
 -0.818  0.326E+00
 -0.808  0.346E+00
 -0.798  0.386E+00
 -0.788  0.402E+00
 -0.778  0.414E+00
 -0.768  0.424E+00
 -0.758  0.438E+00
 -0.748  0.454E+00
 -0.738  0.466E+00
 -0.728  0.472E+00
 -0.718  0.482E+00
 -0.708  0.500E+00
 -0.698  0.530E+00
 -0.688  0.558E+00
 -0.678  0.604E+00
 -0.668  0.652E+00
 -0.658  0.756E+00
 -0.648  0.806E+00
 -0.638  0.816E+00
 -0.628  0.786E+00
 -0.618  0.728E+00
 -0.608  0.676E+00
 -0.598  0.630E+00
 -0.588  0.590E+00
 -0.578  0.558E+00
 -0.568  0.532E+00
 -0.558  0.508E+00
 -0.548  0.492E+00
 -0.538  0.478E+00
 -0.528  0.466E+00
 -0.518  0.454E+00
 -0.508  0.446E+00
 -0.498  0.436E+00
 -0.488  0.428E+00
 -0.478  0.420E+00
 -0.468  0.412E+00
 -0.458  0.404E+00
 -0.448  0.396E+00
 -0.438  0.390E+00
 -0.428  0.382E+00
 -0.418  0.374E+00
 -0.408  0.368E+00
 -0.398  0.362E+00
 -0.388  0.358E+00
 -0.378  0.352E+00
 -0.368  0.348E+00
 -0.358  0.344E+00
 -0.348  0.340E+00
 -0.338  0.336E+00
 -0.328  0.332E+00
 -0.318  0.328E+00
 -0.308  0.326E+00
 -0.298  0.322E+00
 -0.288  0.318E+00
 -0.278  0.316E+00
 -0.268  0.312E+00
 -0.258  0.310E+00
 -0.248  0.306E+00
 -0.238  0.304E+00
 -0.228  0.302E+00
 -0.218  0.298E+00
 -0.208  0.296E+00
 -0.198  0.294E+00
 -0.188  0.290E+00
 -0.178  0.288E+00
 -0.168  0.286E+00
 -0.158  0.284E+00
 -0.148  0.280E+00
 -0.138  0.278E+00
 -0.128  0.276E+00
 -0.118  0.274E+00
 -0.108  0.270E+00
 -0.098  0.268E+00
 -0.088  0.266E+00
 -0.078  0.264E+00
 -0.068  0.260E+00
 -0.058  0.258E+00
 -0.048  0.256E+00
 -0.038  0.252E+00
 -0.028  0.250E+00
 -0.018  0.248E+00
 -0.008  0.246E+00
  0.002  0.244E+00
  0.012  0.242E+00
  0.022  0.240E+00
  0.032  0.236E+00
  0.042  0.234E+00
  0.052  0.232E+00
  0.062  0.230E+00
  0.072  0.228E+00
  0.082  0.226E+00
  0.092  0.224E+00
  0.102  0.224E+00
  0.112  0.222E+00
  0.122  0.220E+00
  0.132  0.220E+00
  0.142  0.218E+00
  0.152  0.216E+00
  0.162  0.216E+00
  0.172  0.214E+00
  0.182  0.214E+00
  0.192  0.212E+00
  0.202  0.210E+00
  0.212  0.210E+00
  0.222  0.208E+00
  0.232  0.206E+00
  0.242  0.206E+00
  0.252  0.204E+00
  0.262  0.204E+00
  0.272  0.202E+00
  0.282  0.200E+00
  0.292  0.199E+00
  0.302  0.198E+00
  0.312  0.197E+00
  0.322  0.196E+00
  0.332  0.194E+00
  0.342  0.193E+00
  0.352  0.192E+00
  0.362  0.190E+00
  0.372  0.189E+00
  0.382  0.188E+00
  0.392  0.186E+00
  0.402  0.185E+00
  0.412  0.184E+00
  0.422  0.182E+00
  0.432  0.181E+00
  0.442  0.180E+00
  0.452  0.178E+00
  0.462  0.177E+00
  0.472  0.176E+00
  0.482  0.175E+00
  0.492  0.173E+00
  0.502  0.172E+00
  0.512  0.171E+00
  0.522  0.170E+00
  0.532  0.168E+00
  0.542  0.166E+00
  0.552  0.164E+00
  0.562  0.162E+00
  0.572  0.161E+00
  0.582  0.160E+00
  0.592  0.159E+00
  0.602  0.158E+00
  0.612  0.157E+00
  0.622  0.156E+00
  0.632  0.155E+00
  0.642  0.154E+00
  0.652  0.154E+00
  0.662  0.153E+00
  0.672  0.152E+00
  0.682  0.151E+00
  0.692  0.151E+00
  0.702  0.150E+00
  0.712  0.149E+00
  0.722  0.148E+00
  0.732  0.148E+00
  0.742  0.147E+00
  0.752  0.146E+00
  0.762  0.145E+00
  0.772  0.145E+00
  0.782  0.144E+00
  0.792  0.143E+00
  0.802  0.142E+00
  0.812  0.141E+00
  0.822  0.141E+00
  0.832  0.140E+00
  0.842  0.139E+00
  0.852  0.138E+00
  0.862  0.138E+00
  0.872  0.137E+00
  0.882  0.136E+00
  0.892  0.135E+00
  0.902  0.135E+00
  0.912  0.134E+00
  0.922  0.133E+00
  0.932  0.132E+00
  0.942  0.131E+00
  0.952  0.131E+00
  0.962  0.130E+00
  0.972  0.129E+00
  0.982  0.128E+00
  0.992  0.127E+00
  1.002  0.127E+00
  1.012  0.126E+00
  1.022  0.125E+00
  1.032  0.124E+00
  1.042  0.123E+00
  1.052  0.122E+00
  1.062  0.121E+00
  1.072  0.120E+00
  1.082  0.119E+00
  1.092  0.118E+00
  1.102  0.117E+00
  1.112  0.116E+00
  1.122  0.115E+00
  1.132  0.115E+00
  1.142  0.114E+00
  1.152  0.113E+00
  1.162  0.112E+00
  1.172  0.111E+00
  1.182  0.110E+00
  1.192  0.109E+00
  1.202  0.108E+00
  1.212  0.107E+00
  1.222  0.107E+00
  1.232  0.106E+00
  1.242  0.106E+00
  1.252  0.105E+00
  1.262  0.105E+00
  1.272  0.104E+00
  1.282  0.104E+00
  1.292  0.103E+00
  1.302  0.103E+00
  1.312  0.102E+00
  1.322  0.102E+00
  1.332  0.101E+00
  1.342  0.101E+00
  1.352  0.100E+00
  1.362  0.998E-01
  1.372  0.994E-01
  1.382  0.988E-01
  1.392  0.984E-01
  1.402  0.980E-01
  1.412  0.974E-01
  1.422  0.970E-01
  1.432  0.964E-01
  1.442  0.960E-01
  1.452  0.954E-01
  1.462  0.950E-01
  1.472  0.944E-01
  1.482  0.940E-01
  1.492  0.934E-01
  1.502  0.930E-01
  1.512  0.924E-01
  1.522  0.920E-01
  1.532  0.914E-01
  1.542  0.908E-01
  1.552  0.902E-01
  1.562  0.898E-01
  1.572  0.892E-01
  1.582  0.886E-01
  1.592  0.880E-01
  1.602  0.874E-01
  1.612  0.868E-01
  1.622  0.862E-01
  1.632  0.856E-01
  1.642  0.850E-01
  1.652  0.844E-01
  1.662  0.838E-01
  1.672  0.832E-01
  1.682  0.826E-01
  1.692  0.820E-01
  1.702  0.814E-01
  1.712  0.812E-01
  1.722  0.814E-01
  1.732  0.826E-01
  1.742  0.850E-01
  1.752  0.830E-01
  1.762  0.828E-01
  1.772  0.828E-01
  1.782  0.830E-01
  1.792  0.828E-01
  1.802  0.828E-01
  1.812  0.830E-01
  1.822  0.832E-01
  1.832  0.838E-01
  1.842  0.848E-01
  1.852  0.860E-01
  1.862  0.864E-01
  1.872  0.868E-01
  1.882  0.874E-01
  1.892  0.880E-01
  1.902  0.886E-01
  1.912  0.894E-01
  1.922  0.904E-01
  1.932  0.914E-01
  1.942  0.926E-01
  1.952  0.938E-01
  1.962  0.952E-01
  1.972  0.968E-01
  1.982  0.982E-01
  1.992  0.994E-01
  2.002  0.101E+00
  2.012  0.102E+00
  2.022  0.103E+00
  2.032  0.103E+00
  2.042  0.102E+00
  2.052  0.102E+00
  2.062  0.103E+00
  2.072  0.103E+00
  2.082  0.104E+00
  2.092  0.104E+00
  2.102  0.105E+00
  2.112  0.105E+00
  2.122  0.105E+00
  2.132  0.106E+00
  2.142  0.106E+00
  2.152  0.106E+00
  2.162  0.106E+00
  2.172  0.106E+00
  2.182  0.106E+00
  2.192  0.105E+00
  2.202  0.106E+00
  2.212  0.106E+00
  2.222  0.106E+00
  2.232  0.106E+00
  2.242  0.107E+00
  2.252  0.106E+00
  2.262  0.106E+00
  2.272  0.106E+00
  2.282  0.106E+00
  2.292  0.106E+00
  2.302  0.106E+00
  2.312  0.106E+00
  2.322  0.106E+00
  2.332  0.105E+00
  2.342  0.105E+00
  2.352  0.105E+00
  2.362  0.105E+00
  2.372  0.105E+00
  2.382  0.105E+00
  2.392  0.105E+00
  2.402  0.105E+00
  2.412  0.105E+00
  2.422  0.104E+00
  2.432  0.104E+00
  2.442  0.104E+00
  2.452  0.104E+00
  2.462  0.104E+00
  2.472  0.104E+00
  2.482  0.104E+00
  2.492  0.104E+00
  2.502  0.104E+00
  2.512  0.104E+00
  2.522  0.104E+00
  2.532  0.104E+00
  2.542  0.104E+00
  2.552  0.103E+00
  2.562  0.103E+00
  2.572  0.103E+00
  2.582  0.103E+00
  2.592  0.103E+00
  2.602  0.103E+00
  2.612  0.103E+00
  2.622  0.102E+00
  2.632  0.104E+00
  2.642  0.103E+00
  2.652  0.102E+00
  2.662  0.102E+00
  2.672  0.101E+00
  2.682  0.101E+00
  2.692  0.101E+00
  2.702  0.101E+00
  2.712  0.100E+00
  2.722  0.100E+00
  2.732  0.100E+00
  2.742  0.100E+00
  2.752  0.100E+00
  2.762  0.998E-01
  2.772  0.994E-01
  2.782  0.989E-01
  2.792  0.985E-01
  2.802  0.983E-01
  2.812  0.982E-01
  2.822  0.980E-01
  2.832  0.979E-01
  2.842  0.978E-01
  2.852  0.977E-01
  2.862  0.977E-01
  2.872  0.975E-01
  2.882  0.973E-01
  2.892  0.971E-01
  2.902  0.970E-01
  2.912  0.969E-01
  2.922  0.969E-01
  2.932  0.968E-01
  2.942  0.968E-01
  2.952  0.966E-01
  2.962  0.964E-01
  2.972  0.963E-01
  2.982  0.961E-01
  2.992  0.960E-01
  3.002  0.960E-01
  3.012  0.958E-01
  3.022  0.956E-01
  3.032  0.953E-01
  3.042  0.950E-01
  3.052  0.948E-01
  3.062  0.945E-01
  3.072  0.954E-01
  3.082  0.954E-01
  3.092  0.944E-01
  3.102  0.937E-01
  3.112  0.934E-01
  3.122  0.932E-01
  3.132  0.930E-01
  3.142  0.927E-01
  3.152  0.924E-01
  3.162  0.922E-01
  3.172  0.920E-01
  3.182  0.918E-01
  3.192  0.910E-01
  3.202  0.908E-01
  3.212  0.902E-01
  3.222  0.896E-01
  3.232  0.890E-01
  3.242  0.884E-01
  3.252  0.878E-01
  3.262  0.872E-01
  3.272  0.866E-01
  3.282  0.858E-01
  3.292  0.850E-01
  3.302  0.842E-01
  3.312  0.836E-01
  3.322  0.830E-01
  3.332  0.824E-01
  3.342  0.820E-01
  3.352  0.816E-01
  3.362  0.812E-01
  3.372  0.808E-01
  3.382  0.804E-01
  3.392  0.800E-01
  3.402  0.796E-01
  3.412  0.792E-01
  3.422  0.790E-01
  3.432  0.786E-01
  3.442  0.784E-01
  3.452  0.782E-01
  3.462  0.780E-01
  3.472  0.778E-01
  3.482  0.776E-01
  3.492  0.772E-01
  3.502  0.768E-01
  3.512  0.764E-01
  3.522  0.760E-01
  3.532  0.758E-01
  3.542  0.754E-01
  3.552  0.752E-01
  3.562  0.748E-01
  3.572  0.744E-01
  3.582  0.740E-01
  3.592  0.738E-01
  3.602  0.734E-01
  3.612  0.730E-01
  3.622  0.726E-01
  3.632  0.724E-01
  3.642  0.720E-01
  3.652  0.716E-01
  3.662  0.712E-01
  3.672  0.708E-01
  3.682  0.706E-01
  3.692  0.702E-01
  3.702  0.698E-01
  3.712  0.694E-01
  3.722  0.690E-01
  3.732  0.686E-01
  3.742  0.682E-01
  3.752  0.678E-01
  3.762  0.674E-01
  3.772  0.670E-01
  3.782  0.666E-01
  3.792  0.662E-01
  3.802  0.658E-01
  3.812  0.654E-01
  3.822  0.650E-01
  3.832  0.646E-01
  3.842  0.642E-01
  3.852  0.638E-01
  3.862  0.634E-01
  3.872  0.630E-01
  3.882  0.626E-01
  3.892  0.620E-01
  3.902  0.616E-01
  3.912  0.612E-01
  3.922  0.608E-01
  3.932  0.602E-01
  3.942  0.598E-01
  3.952  0.594E-01
  3.962  0.590E-01
  3.972  0.586E-01
  3.982  0.582E-01
  3.992  0.578E-01
  4.002  0.574E-01
  4.012  0.572E-01
  4.022  0.568E-01
  4.032  0.564E-01
  4.042  0.562E-01
  4.052  0.558E-01
  4.062  0.554E-01
  4.072  0.550E-01
  4.082  0.546E-01
  4.092  0.542E-01
  4.102  0.536E-01
  4.112  0.530E-01
  4.122  0.524E-01
  4.132  0.520E-01
  4.142  0.514E-01
  4.152  0.510E-01
  4.162  0.504E-01
  4.172  0.498E-01
  4.182  0.494E-01
  4.192  0.490E-01
  4.202  0.484E-01
  4.212  0.480E-01
  4.222  0.474E-01
  4.232  0.470E-01
  4.242  0.466E-01
  4.252  0.462E-01
  4.262  0.458E-01
  4.272  0.452E-01
  4.282  0.448E-01
  4.292  0.444E-01
  4.302  0.440E-01
  4.312  0.436E-01
  4.322  0.432E-01
  4.332  0.426E-01
  4.342  0.422E-01
  4.352  0.418E-01
  4.362  0.414E-01
  4.372  0.408E-01
  4.382  0.404E-01
  4.392  0.400E-01
  4.402  0.396E-01
  4.412  0.390E-01
  4.422  0.386E-01
  4.432  0.382E-01
  4.442  0.378E-01
  4.452  0.372E-01
  4.462  0.368E-01
  4.472  0.364E-01
  4.482  0.362E-01
  4.492  0.358E-01
  4.502  0.352E-01
  4.512  0.348E-01
  4.522  0.344E-01
  4.532  0.340E-01
  4.542  0.338E-01
  4.552  0.334E-01
  4.562  0.334E-01
  4.572  0.332E-01
  4.582  0.330E-01
  4.592  0.326E-01
  4.602  0.322E-01
  4.612  0.320E-01
  4.622  0.316E-01
  4.632  0.312E-01
  4.642  0.308E-01
  4.652  0.304E-01
  4.662  0.300E-01
  4.672  0.296E-01
  4.682  0.292E-01
  4.692  0.288E-01
  4.702  0.282E-01
  4.712  0.278E-01
  4.722  0.274E-01
  4.732  0.270E-01
  4.742  0.266E-01
  4.752  0.262E-01
  4.762  0.260E-01
  4.772  0.256E-01
  4.782  0.252E-01
  4.792  0.248E-01
  4.802  0.244E-01
  4.812  0.242E-01
  4.822  0.238E-01
  4.832  0.234E-01
  4.842  0.230E-01
  4.852  0.226E-01
  4.862  0.224E-01
  4.872  0.222E-01
  4.882  0.220E-01
  4.892  0.218E-01
  4.902  0.214E-01
  4.912  0.212E-01
  4.922  0.210E-01
  4.932  0.208E-01
  4.942  0.206E-01
  4.952  0.202E-01
  4.962  0.200E-01
  4.972  0.199E-01
  4.982  0.196E-01
  4.992  0.194E-01
  5.002  0.192E-01
  5.012  0.189E-01
  5.022  0.187E-01
  5.032  0.185E-01
  5.042  0.182E-01
  5.052  0.180E-01
  5.062  0.178E-01
  5.072  0.176E-01
  5.082  0.173E-01
  5.092  0.171E-01
  5.102  0.168E-01
  5.112  0.166E-01
  5.122  0.163E-01
  5.132  0.160E-01
  5.142  0.157E-01
  5.152  0.155E-01
  5.162  0.153E-01
  5.172  0.151E-01
  5.182  0.148E-01
  5.192  0.146E-01
  5.202  0.144E-01
  5.212  0.142E-01
  5.222  0.140E-01
  5.232  0.138E-01
  5.242  0.136E-01
  5.252  0.133E-01
  5.262  0.131E-01
  5.272  0.129E-01
  5.282  0.126E-01
  5.292  0.124E-01
  5.302  0.122E-01
  5.312  0.119E-01
  5.322  0.117E-01
  5.332  0.114E-01
  5.342  0.112E-01
  5.352  0.110E-01
  5.362  0.108E-01
  5.372  0.105E-01
  5.382  0.103E-01
  5.392  0.101E-01
  5.402  0.992E-02
  5.412  0.972E-02
  5.422  0.952E-02
  5.432  0.932E-02
  5.442  0.912E-02
  5.452  0.894E-02
  5.462  0.874E-02
  5.472  0.856E-02
  5.482  0.836E-02
  5.492  0.818E-02
  5.502  0.800E-02
  5.512  0.782E-02
  5.522  0.764E-02
  5.532  0.746E-02
  5.542  0.730E-02
  5.552  0.712E-02
  5.562  0.694E-02
  5.572  0.678E-02
  5.582  0.662E-02
  5.592  0.646E-02
  5.602  0.632E-02
  5.612  0.620E-02
  5.622  0.610E-02
  5.632  0.596E-02
  5.642  0.582E-02
  5.652  0.566E-02
  5.662  0.550E-02
  5.672  0.534E-02
  5.682  0.518E-02
  5.692  0.502E-02
  5.702  0.486E-02
  5.712  0.468E-02
  5.722  0.452E-02
  5.732  0.436E-02
  5.742  0.420E-02
  5.752  0.404E-02
  5.762  0.388E-02
  5.772  0.374E-02
  5.782  0.360E-02
  5.792  0.346E-02
  5.802  0.330E-02
  5.812  0.314E-02
  5.822  0.298E-02
  5.832  0.280E-02
  5.842  0.262E-02
  5.852  0.246E-02
  5.862  0.226E-02
  5.872  0.208E-02
  5.882  0.191E-02
  5.892  0.173E-02
  5.902  0.155E-02
  5.912  0.138E-02
  5.922  0.122E-02
  5.932  0.107E-02
  5.942  0.926E-03
  5.952  0.794E-03
  5.962  0.670E-03
  5.972  0.556E-03
  5.982  0.454E-03
  5.992  0.360E-03
  6.002  0.278E-03
  6.012  0.206E-03
  6.022  0.144E-03
  6.032  0.940E-04
  6.042  0.548E-04
  6.052  0.272E-04
  6.062  0.109E-04
  6.072  0.414E-05
  6.082  0.224E-05
  6.092  0.132E-05
  6.102  0.700E-06
  6.112  0.310E-06
  6.122  0.102E-06
  6.132  0.169E-07
  6.142  0.974E-10
  6.152  0.000E+00
  6.162  0.000E+00
  6.172  0.000E+00
  6.182  0.000E+00
  6.192  0.000E+00
  6.202  0.000E+00
  6.212  0.000E+00
  6.222  0.000E+00
  6.232  0.000E+00
  6.242  0.000E+00
  6.252  0.000E+00
  6.262  0.000E+00
  6.272  0.000E+00
  6.282  0.000E+00
  6.292  0.000E+00
  6.302  0.000E+00
  6.312  0.000E+00
  6.322  0.000E+00
  6.332  0.000E+00
  6.342  0.000E+00
  6.352  0.000E+00
  6.362  0.000E+00
  6.372  0.000E+00
  6.382  0.000E+00
  6.392  0.000E+00
  6.402  0.000E+00
  6.412  0.000E+00
  6.422  0.000E+00
  6.432  0.000E+00
  6.442  0.000E+00
  6.452  0.000E+00
  6.462  0.000E+00
  6.472  0.000E+00
  6.482  0.000E+00
  6.492  0.000E+00
  6.502  0.000E+00
  6.512  0.000E+00
  6.522  0.000E+00
  6.532  0.000E+00
  6.542  0.000E+00
  6.552  0.000E+00
  6.562  0.000E+00
  6.572  0.000E+00
  6.582  0.000E+00
  6.592  0.000E+00
  6.602  0.000E+00
  6.612  0.000E+00
  6.622  0.199E-03
  6.632  0.102E-02
  6.642  0.247E-02
  6.652  0.454E-02
  6.662  0.717E-02
  6.672  0.100E-01
  6.682  0.130E-01
  6.692  0.163E-01
  6.702  0.197E-01
  6.712  0.232E-01
  6.722  0.270E-01
  6.732  0.309E-01
  6.742  0.349E-01
  6.752  0.386E-01
  6.762  0.408E-01
  6.772  0.426E-01
  6.782  0.451E-01
  6.792  0.479E-01
  6.802  0.507E-01
  6.812  0.534E-01
  6.822  0.561E-01
  6.832  0.589E-01
  6.842  0.616E-01
  6.852  0.643E-01
  6.862  0.669E-01
  6.872  0.694E-01
  6.882  0.718E-01
  6.892  0.741E-01
  6.902  0.763E-01
  6.912  0.783E-01
  6.922  0.803E-01
  6.932  0.822E-01
  6.942  0.842E-01
  6.952  0.862E-01
  6.962  0.882E-01
  6.972  0.902E-01
  6.982  0.924E-01
  6.992  0.944E-01
  7.002  0.966E-01
  7.012  0.988E-01
  7.022  0.101E+00
  7.032  0.103E+00
  7.042  0.105E+00
  7.052  0.107E+00
  7.062  0.110E+00
  7.072  0.112E+00
  7.082  0.114E+00
  7.092  0.116E+00
  7.102  0.119E+00
  7.112  0.122E+00
  7.122  0.124E+00
  7.132  0.126E+00
  7.142  0.127E+00
  7.152  0.128E+00
  7.162  0.129E+00
  7.172  0.129E+00
  7.182  0.130E+00
  7.192  0.130E+00
  7.202  0.130E+00
  7.212  0.130E+00
  7.222  0.130E+00
  7.232  0.131E+00
  7.242  0.131E+00
  7.252  0.132E+00
  7.262  0.133E+00
  7.272  0.134E+00
  7.282  0.134E+00
  7.292  0.135E+00
  7.302  0.135E+00
  7.312  0.136E+00
  7.322  0.137E+00
  7.332  0.137E+00
  7.342  0.138E+00
  7.352  0.139E+00
  7.362  0.140E+00
  7.372  0.141E+00
  7.382  0.141E+00
  7.392  0.142E+00
  7.402  0.143E+00
  7.412  0.144E+00
  7.422  0.145E+00
  7.432  0.146E+00
  7.442  0.146E+00
  7.452  0.147E+00
  7.462  0.148E+00
  7.472  0.149E+00
  7.482  0.150E+00
  7.492  0.151E+00
  7.502  0.152E+00
  7.512  0.153E+00
  7.522  0.153E+00
  7.532  0.154E+00
  7.542  0.155E+00
  7.552  0.156E+00
  7.562  0.157E+00
  7.572  0.157E+00
  7.582  0.158E+00
  7.592  0.159E+00
  7.602  0.160E+00
  7.612  0.160E+00
  7.622  0.162E+00
  7.632  0.164E+00
  7.642  0.166E+00
  7.652  0.168E+00
  7.662  0.171E+00
  7.672  0.173E+00
  7.682  0.176E+00
  7.692  0.179E+00
  7.702  0.182E+00
  7.712  0.185E+00
  7.722  0.188E+00
  7.732  0.192E+00
  7.742  0.195E+00
  7.752  0.199E+00
  7.762  0.202E+00
  7.772  0.206E+00
  7.782  0.210E+00
  7.792  0.214E+00
  7.802  0.218E+00
  7.812  0.222E+00
  7.822  0.226E+00
  7.832  0.230E+00
  7.842  0.234E+00
  7.852  0.238E+00
  7.862  0.242E+00
  7.872  0.246E+00
  7.882  0.250E+00
  7.892  0.254E+00
  7.902  0.259E+00
  7.912  0.264E+00
  7.922  0.268E+00
  7.932  0.272E+00
  7.942  0.276E+00
  7.952  0.280E+00
  7.962  0.282E+00
  7.972  0.286E+00
  7.982  0.290E+00
  7.992  0.294E+00
  8.002  0.298E+00
  8.012  0.302E+00
  8.022  0.308E+00
  8.032  0.312E+00
  8.042  0.316E+00
  8.052  0.322E+00
  8.062  0.326E+00
  8.072  0.330E+00
  8.082  0.336E+00
  8.092  0.340E+00
  8.102  0.344E+00
  8.112  0.350E+00
  8.122  0.354E+00
  8.132  0.360E+00
  8.142  0.364E+00
  8.152  0.370E+00
  8.162  0.374E+00
  8.172  0.380E+00
  8.182  0.386E+00
  8.192  0.390E+00
  8.202  0.396E+00
  8.212  0.402E+00
  8.222  0.410E+00
  8.232  0.416E+00
  8.242  0.422E+00
  8.252  0.428E+00
  8.262  0.436E+00
  8.272  0.442E+00
  8.282  0.448E+00
  8.292  0.455E+00
  8.302  0.464E+00
  8.312  0.472E+00
  8.322  0.482E+00
  8.332  0.490E+00
  8.342  0.496E+00
  8.352  0.502E+00
  8.362  0.508E+00
  8.372  0.512E+00
  8.382  0.516E+00
  8.392  0.518E+00
  8.402  0.516E+00
  8.412  0.514E+00
  8.422  0.508E+00
  8.432  0.500E+00
  8.442  0.491E+00
  8.452  0.482E+00
  8.462  0.474E+00
  8.472  0.466E+00
  8.482  0.460E+00
  8.492  0.453E+00
  8.502  0.444E+00
  8.512  0.435E+00
  8.522  0.427E+00
  8.532  0.420E+00
  8.542  0.414E+00
  8.552  0.410E+00
  8.562  0.406E+00
  8.572  0.402E+00
  8.582  0.398E+00
  8.592  0.389E+00
  8.602  0.380E+00
  8.612  0.370E+00
  8.622  0.362E+00
  8.632  0.354E+00
  8.642  0.347E+00
  8.652  0.340E+00
  8.662  0.333E+00
  8.672  0.327E+00
  8.682  0.322E+00
  8.692  0.316E+00
  8.702  0.312E+00
  8.712  0.307E+00
  8.722  0.302E+00
  8.732  0.297E+00
  8.742  0.292E+00
  8.752  0.288E+00
  8.762  0.285E+00
  8.772  0.282E+00
  8.782  0.279E+00
  8.792  0.278E+00
  8.802  0.273E+00
  8.812  0.272E+00
  8.822  0.270E+00
  8.832  0.271E+00
  8.842  0.273E+00
  8.852  0.274E+00
  8.862  0.275E+00
  8.872  0.275E+00
  8.882  0.274E+00
  8.892  0.272E+00
  8.902  0.269E+00
  8.912  0.266E+00
  8.922  0.261E+00
  8.932  0.256E+00
  8.942  0.250E+00
  8.952  0.244E+00
  8.962  0.239E+00
  8.972  0.235E+00
  8.982  0.232E+00
  8.992  0.232E+00
  9.002  0.232E+00
  9.012  0.234E+00
  9.022  0.224E+00
  9.032  0.212E+00
  9.042  0.200E+00
  9.052  0.189E+00
  9.062  0.179E+00
  9.072  0.171E+00
  9.082  0.165E+00
  9.092  0.163E+00
  9.102  0.160E+00
  9.112  0.144E+00
  9.122  0.131E+00
  9.132  0.119E+00
  9.142  0.116E+00
  9.152  0.116E+00
  9.162  0.116E+00
  9.172  0.116E+00
  9.182  0.116E+00
  9.192  0.116E+00
  9.202  0.116E+00
  9.212  0.117E+00
  9.222  0.117E+00
  9.232  0.117E+00
  9.242  0.118E+00
  9.252  0.118E+00
  9.262  0.119E+00
  9.272  0.120E+00
  9.282  0.121E+00
  9.292  0.122E+00
  9.302  0.123E+00
  9.312  0.126E+00
  9.322  0.130E+00
  9.332  0.135E+00
  9.342  0.141E+00
  9.352  0.149E+00
  9.362  0.156E+00
  9.372  0.158E+00
  9.382  0.159E+00
  9.392  0.168E+00
  9.402  0.181E+00
  9.412  0.194E+00
  9.422  0.208E+00
  9.432  0.221E+00
  9.442  0.230E+00
  9.452  0.232E+00
  9.462  0.228E+00
  9.472  0.226E+00
  9.482  0.224E+00
  9.492  0.223E+00
  9.502  0.222E+00
  9.512  0.221E+00
  9.522  0.220E+00
  9.532  0.218E+00
  9.542  0.216E+00
  9.552  0.215E+00
  9.562  0.214E+00
  9.572  0.212E+00
  9.582  0.210E+00
  9.592  0.208E+00
  9.602  0.206E+00
  9.612  0.206E+00
  9.622  0.207E+00
  9.632  0.210E+00
  9.642  0.213E+00
  9.652  0.216E+00
  9.662  0.220E+00
  9.672  0.223E+00
  9.682  0.226E+00
  9.692  0.230E+00
  9.702  0.234E+00
  9.712  0.237E+00
  9.722  0.239E+00
  9.732  0.240E+00
  9.742  0.242E+00
  9.752  0.244E+00
  9.762  0.248E+00
  9.772  0.248E+00
  9.782  0.253E+00
  9.792  0.259E+00
  9.802  0.264E+00
  9.812  0.266E+00
  9.822  0.268E+00
  9.832  0.267E+00
  9.842  0.266E+00
  9.852  0.264E+00
  9.862  0.264E+00
  9.872  0.262E+00
  9.882  0.262E+00
  9.892  0.260E+00
  9.902  0.258E+00
  9.912  0.256E+00
  9.922  0.253E+00
  9.932  0.251E+00
  9.942  0.248E+00
  9.952  0.243E+00
  9.962  0.236E+00
  9.972  0.228E+00
  9.982  0.220E+00
  9.992  0.208E+00
 10.002  0.190E+00
 10.012  0.174E+00
 10.022  0.162E+00
 10.032  0.153E+00
 10.042  0.146E+00
 10.052  0.140E+00
 10.062  0.134E+00
 10.072  0.129E+00
 10.082  0.125E+00
 10.092  0.120E+00
 10.102  0.117E+00
 10.112  0.115E+00
 10.122  0.113E+00
 10.132  0.112E+00
 10.142  0.111E+00
 10.152  0.110E+00
 10.162  0.109E+00
 10.172  0.109E+00
 10.182  0.108E+00
 10.192  0.107E+00
 10.202  0.107E+00
 10.212  0.106E+00
 10.222  0.106E+00
 10.232  0.105E+00
 10.242  0.105E+00
 10.252  0.104E+00
 10.262  0.104E+00
 10.272  0.104E+00
 10.282  0.104E+00
 10.292  0.104E+00
 10.302  0.104E+00
 10.312  0.105E+00
 10.322  0.105E+00
 10.332  0.106E+00
 10.342  0.108E+00
 10.352  0.112E+00
 10.362  0.112E+00
 10.372  0.112E+00
 10.382  0.112E+00
 10.392  0.112E+00
 10.402  0.112E+00
 10.412  0.112E+00
 10.422  0.113E+00
 10.432  0.114E+00
 10.442  0.116E+00
 10.452  0.118E+00
 10.462  0.120E+00
 10.472  0.122E+00
 10.482  0.124E+00
 10.492  0.126E+00
 10.502  0.129E+00
 10.512  0.132E+00
 10.522  0.135E+00
 10.532  0.137E+00
 10.542  0.139E+00
 10.552  0.139E+00
 10.562  0.138E+00
 10.572  0.137E+00
 10.582  0.136E+00
 10.592  0.135E+00
 10.602  0.135E+00
 10.612  0.134E+00
 10.622  0.134E+00
 10.632  0.134E+00
 10.642  0.134E+00
 10.652  0.134E+00
 10.662  0.134E+00
 10.672  0.135E+00
 10.682  0.136E+00
 10.692  0.136E+00
 10.702  0.137E+00
 10.712  0.138E+00
 10.722  0.140E+00
 10.732  0.143E+00
 10.742  0.147E+00
 10.752  0.152E+00
 10.762  0.159E+00
 10.772  0.156E+00
 10.782  0.154E+00
 10.792  0.154E+00
 10.802  0.155E+00
 10.812  0.156E+00
 10.822  0.157E+00
 10.832  0.158E+00
 10.842  0.159E+00
 10.852  0.159E+00
 10.862  0.160E+00
 10.872  0.161E+00
 10.882  0.163E+00
 10.892  0.166E+00
 10.902  0.171E+00
 10.912  0.177E+00
 10.922  0.184E+00
 10.932  0.192E+00
 10.942  0.197E+00
 10.952  0.200E+00
 10.962  0.200E+00
 10.972  0.196E+00
 10.982  0.190E+00
 10.992  0.182E+00
 11.002  0.177E+00
 11.012  0.173E+00
 11.022  0.171E+00
 11.032  0.170E+00
 11.042  0.171E+00
 11.052  0.172E+00
 11.062  0.173E+00
 11.072  0.177E+00
 11.082  0.183E+00
 11.092  0.193E+00
 11.102  0.197E+00
 11.112  0.191E+00
 11.122  0.177E+00
 11.132  0.167E+00
 11.142  0.168E+00
 11.152  0.169E+00
 11.162  0.169E+00
 11.172  0.169E+00
 11.182  0.169E+00
 11.192  0.169E+00
 11.202  0.169E+00
 11.212  0.169E+00
 11.222  0.170E+00
 11.232  0.170E+00
 11.242  0.171E+00
 11.252  0.171E+00
 11.262  0.171E+00
 11.272  0.169E+00
 11.282  0.168E+00
 11.292  0.166E+00
 11.302  0.165E+00
 11.312  0.164E+00
 11.322  0.162E+00
 11.332  0.161E+00
 11.342  0.160E+00
 11.352  0.159E+00
 11.362  0.159E+00
 11.372  0.158E+00
 11.382  0.157E+00
 11.392  0.157E+00
 11.402  0.156E+00
 11.412  0.156E+00
 11.422  0.155E+00
 11.432  0.155E+00
 11.442  0.155E+00
 11.452  0.154E+00
 11.462  0.153E+00
 11.472  0.152E+00
 11.482  0.151E+00
 11.492  0.150E+00
 11.502  0.149E+00
 11.512  0.148E+00
 11.522  0.147E+00
 11.532  0.147E+00
 11.542  0.146E+00
 11.552  0.146E+00
 11.562  0.146E+00
 11.572  0.146E+00
 11.582  0.145E+00
 11.592  0.145E+00
 11.602  0.145E+00
 11.612  0.145E+00
 11.622  0.144E+00
 11.632  0.144E+00
 11.642  0.144E+00
 11.652  0.144E+00
 11.662  0.144E+00
 11.672  0.144E+00
 11.682  0.144E+00
 11.692  0.144E+00
 11.702  0.145E+00
 11.712  0.146E+00
 11.722  0.146E+00
 11.732  0.148E+00
 11.742  0.149E+00
 11.752  0.150E+00
 11.762  0.152E+00
 11.772  0.154E+00
 11.782  0.157E+00
 11.792  0.159E+00
 11.802  0.161E+00
 11.812  0.163E+00
 11.822  0.163E+00
 11.832  0.162E+00
 11.842  0.159E+00
 11.852  0.157E+00
 11.862  0.148E+00
 11.872  0.145E+00
 11.882  0.143E+00
 11.892  0.142E+00
 11.902  0.141E+00
 11.912  0.139E+00
 11.922  0.137E+00
 11.932  0.135E+00
 11.942  0.133E+00
 11.952  0.131E+00
 11.962  0.129E+00
 11.972  0.131E+00
 11.982  0.135E+00
 11.992  0.140E+00
 12.002  0.145E+00
 12.012  0.140E+00
 12.022  0.132E+00
 12.032  0.128E+00
 12.042  0.125E+00
 12.052  0.123E+00
 12.062  0.122E+00
 12.072  0.122E+00
 12.082  0.122E+00
 12.092  0.124E+00
 12.102  0.126E+00
 12.112  0.128E+00
 12.122  0.130E+00
 12.132  0.127E+00
 12.142  0.123E+00
 12.152  0.119E+00
 12.162  0.115E+00
 12.172  0.112E+00
 12.182  0.110E+00
 12.192  0.108E+00
 12.202  0.107E+00
 12.212  0.105E+00
 12.222  0.104E+00
 12.232  0.104E+00
 12.242  0.103E+00
 12.252  0.102E+00
 12.262  0.102E+00
 12.272  0.101E+00
 12.282  0.101E+00
 12.292  0.101E+00
 12.302  0.101E+00
 12.312  0.100E+00
 12.322  0.100E+00
 12.332  0.101E+00
 12.342  0.101E+00
 12.352  0.100E+00
 12.362  0.100E+00
 12.372  0.100E+00
 12.382  0.998E-01
 12.392  0.994E-01
 12.402  0.990E-01
 12.412  0.984E-01
 12.422  0.978E-01
 12.432  0.972E-01
 12.442  0.964E-01
 12.452  0.954E-01
 12.462  0.946E-01
 12.472  0.934E-01
 12.482  0.924E-01
 12.492  0.914E-01
 12.502  0.910E-01
 12.512  0.906E-01
 12.522  0.903E-01
 12.532  0.901E-01
 12.542  0.900E-01
 12.552  0.898E-01
 12.562  0.898E-01
 12.572  0.898E-01
 12.582  0.898E-01
 12.592  0.900E-01
 12.602  0.901E-01
 12.612  0.902E-01
 12.622  0.904E-01
 12.632  0.905E-01
 12.642  0.906E-01
 12.652  0.908E-01
 12.662  0.910E-01
 12.672  0.912E-01
 12.682  0.914E-01
 12.692  0.916E-01
 12.702  0.917E-01
 12.712  0.919E-01
 12.722  0.921E-01
 12.732  0.922E-01
 12.742  0.925E-01
 12.752  0.930E-01
 12.762  0.935E-01
 12.772  0.942E-01
 12.782  0.950E-01
 12.792  0.959E-01
 12.802  0.968E-01
 12.812  0.978E-01
 12.822  0.988E-01
 12.832  0.999E-01
 12.842  0.101E+00
 12.852  0.102E+00
 12.862  0.103E+00
 12.872  0.105E+00
 12.882  0.106E+00
 12.892  0.107E+00
 12.902  0.108E+00
 12.912  0.109E+00
 12.922  0.111E+00
 12.932  0.110E+00
 12.942  0.109E+00
 12.952  0.108E+00
 12.962  0.107E+00
 12.972  0.106E+00
 12.982  0.104E+00
 12.992  0.102E+00
 13.002  0.100E+00
 13.012  0.982E-01
 13.022  0.958E-01
 13.032  0.933E-01
 13.042  0.904E-01
 13.052  0.871E-01
 13.062  0.846E-01
 13.072  0.830E-01
 13.082  0.822E-01
 13.092  0.821E-01
 13.102  0.816E-01
 13.112  0.808E-01
 13.122  0.801E-01
 13.132  0.796E-01
 13.142  0.790E-01
 13.152  0.784E-01
 13.162  0.778E-01
 13.172  0.772E-01
 13.182  0.766E-01
 13.192  0.758E-01
 13.202  0.740E-01
 13.212  0.708E-01
 13.222  0.696E-01
 13.232  0.694E-01
 13.242  0.688E-01
 13.252  0.677E-01
 13.262  0.664E-01
 13.272  0.654E-01
 13.282  0.644E-01
 13.292  0.638E-01
 13.302  0.631E-01
 13.312  0.624E-01
 13.322  0.618E-01
 13.332  0.612E-01
 13.342  0.605E-01
 13.352  0.594E-01
 13.362  0.584E-01
 13.372  0.574E-01
 13.382  0.565E-01
 13.392  0.556E-01
 13.402  0.547E-01
 13.412  0.538E-01
 13.422  0.530E-01
 13.432  0.522E-01
 13.442  0.514E-01
 13.452  0.506E-01
 13.462  0.500E-01
 13.472  0.492E-01
 13.482  0.486E-01
 13.492  0.480E-01
 13.502  0.474E-01
 13.512  0.470E-01
 13.522  0.464E-01
 13.532  0.460E-01
 13.542  0.455E-01
 13.552  0.450E-01
 13.562  0.446E-01
 13.572  0.442E-01
 13.582  0.438E-01
 13.592  0.434E-01
 13.602  0.430E-01
 13.612  0.426E-01
 13.622  0.422E-01
 13.632  0.420E-01
 13.642  0.416E-01
 13.652  0.414E-01
 13.662  0.414E-01
 13.672  0.414E-01
 13.682  0.416E-01
 13.692  0.422E-01
 13.702  0.430E-01
 13.712  0.440E-01
 13.722  0.452E-01
 13.732  0.462E-01
 13.742  0.472E-01
 13.752  0.478E-01
 13.762  0.482E-01
 13.772  0.482E-01
 13.782  0.478E-01
 13.792  0.474E-01
 13.802  0.464E-01
 13.812  0.454E-01
 13.822  0.438E-01
 13.832  0.420E-01
 13.842  0.404E-01
 13.852  0.394E-01
 13.862  0.380E-01
 13.872  0.366E-01
 13.882  0.354E-01
 13.892  0.346E-01
 13.902  0.338E-01
 13.912  0.330E-01
 13.922  0.322E-01
 13.932  0.314E-01
 13.942  0.308E-01
 13.952  0.302E-01
 13.962  0.296E-01
 13.972  0.290E-01
 13.982  0.282E-01
 13.992  0.274E-01
 14.002  0.266E-01
 14.012  0.256E-01
 14.022  0.248E-01
 14.032  0.240E-01
 14.042  0.232E-01
 14.052  0.226E-01
 14.062  0.218E-01
 14.072  0.210E-01
 14.082  0.202E-01
 14.092  0.195E-01
 14.102  0.187E-01
 14.112  0.180E-01
 14.122  0.173E-01
 14.132  0.166E-01
 14.142  0.160E-01
 14.152  0.154E-01
 14.162  0.149E-01
 14.172  0.144E-01
 14.182  0.139E-01
 14.192  0.136E-01
 14.202  0.132E-01
 14.212  0.129E-01
 14.222  0.127E-01
 14.232  0.125E-01
 14.242  0.122E-01
 14.252  0.120E-01
 14.262  0.117E-01
 14.272  0.114E-01
 14.282  0.111E-01
 14.292  0.108E-01
 14.302  0.104E-01
 14.312  0.101E-01
 14.322  0.969E-02
 14.332  0.955E-02
 14.342  0.942E-02
 14.352  0.932E-02
 14.362  0.924E-02
 14.372  0.916E-02
 14.382  0.910E-02
 14.392  0.904E-02
 14.402  0.900E-02
 14.412  0.896E-02
 14.422  0.897E-02
 14.432  0.911E-02
 14.442  0.931E-02
 14.452  0.939E-02
 14.462  0.929E-02
 14.472  0.917E-02
 14.482  0.905E-02
 14.492  0.894E-02
 14.502  0.883E-02
 14.512  0.871E-02
 14.522  0.859E-02
 14.532  0.848E-02
 14.542  0.837E-02
 14.552  0.825E-02
 14.562  0.814E-02
 14.572  0.803E-02
 14.582  0.791E-02
 14.592  0.781E-02
 14.602  0.769E-02
 14.612  0.759E-02
 14.622  0.747E-02
 14.632  0.737E-02
 14.642  0.725E-02
 14.652  0.715E-02
 14.662  0.704E-02
 14.672  0.693E-02
 14.682  0.683E-02
 14.692  0.673E-02
 14.702  0.661E-02
 14.712  0.651E-02
 14.722  0.641E-02
 14.732  0.631E-02
 14.742  0.621E-02
 14.752  0.611E-02
 14.762  0.601E-02
 14.772  0.591E-02
 14.782  0.581E-02
 14.792  0.573E-02
 14.802  0.563E-02
 14.812  0.553E-02
 14.822  0.545E-02
 14.832  0.535E-02
 14.842  0.526E-02
 14.852  0.517E-02
 14.862  0.509E-02
 14.872  0.499E-02
 14.882  0.491E-02
 14.892  0.483E-02
 14.902  0.474E-02
 14.912  0.466E-02
 14.922  0.457E-02
 14.932  0.449E-02
 14.942  0.442E-02
 14.952  0.435E-02
 14.962  0.427E-02
 14.972  0.419E-02
 14.982  0.412E-02
 14.992  0.405E-02
 15.002  0.398E-02
 15.012  0.391E-02
 15.022  0.385E-02
 15.032  0.379E-02
 15.042  0.372E-02
 15.052  0.367E-02
 15.062  0.361E-02
 15.072  0.355E-02
 15.082  0.351E-02
 15.092  0.345E-02
 15.102  0.341E-02
 15.112  0.336E-02
 15.122  0.331E-02
 15.132  0.327E-02
 15.142  0.323E-02
 15.152  0.319E-02
 15.162  0.315E-02
 15.172  0.311E-02
 15.182  0.308E-02
 15.192  0.304E-02
 15.202  0.301E-02
 15.212  0.297E-02
 15.222  0.293E-02
 15.232  0.289E-02
 15.242  0.285E-02
 15.252  0.283E-02
 15.262  0.280E-02
 15.272  0.278E-02
 15.282  0.276E-02
 15.292  0.274E-02
 15.302  0.273E-02
 15.312  0.271E-02
 15.322  0.270E-02
 15.332  0.268E-02
 15.342  0.268E-02
 15.352  0.267E-02
 15.362  0.265E-02
 15.372  0.265E-02
 15.382  0.263E-02
 15.392  0.262E-02
 15.402  0.260E-02
 15.412  0.260E-02
 15.422  0.258E-02
 15.432  0.256E-02
 15.442  0.255E-02
 15.452  0.253E-02
 15.462  0.251E-02
 15.472  0.249E-02
 15.482  0.246E-02
 15.492  0.243E-02
 15.502  0.241E-02
 15.512  0.241E-02
 15.522  0.243E-02
 15.532  0.241E-02
 15.542  0.235E-02
 15.552  0.222E-02
 15.562  0.205E-02
 15.572  0.185E-02
 15.582  0.161E-02
 15.592  0.136E-02
 15.602  0.109E-02
 15.612  0.824E-03
 15.622  0.594E-03
 15.632  0.564E-03
 15.642  0.534E-03
 15.652  0.505E-03
 15.662  0.478E-03
 15.672  0.451E-03
 15.682  0.425E-03
 15.692  0.401E-03
 15.702  0.377E-03
 15.712  0.355E-03
 15.722  0.333E-03
 15.732  0.312E-03
 15.742  0.292E-03
 15.752  0.274E-03
 15.762  0.256E-03
 15.772  0.238E-03
 15.782  0.222E-03
 15.792  0.206E-03
 15.802  0.191E-03
 15.812  0.176E-03
 15.822  0.163E-03
 15.832  0.150E-03
 15.842  0.138E-03
 15.852  0.126E-03
 15.862  0.116E-03
 15.872  0.105E-03
 15.882  0.959E-04
 15.892  0.869E-04
 15.902  0.785E-04
 15.912  0.707E-04
 15.922  0.634E-04
 15.932  0.566E-04
 15.942  0.504E-04
 15.952  0.446E-04
 15.962  0.393E-04
 15.972  0.344E-04
 15.982  0.299E-04
 15.992  0.258E-04
 16.002  0.222E-04
 16.012  0.189E-04
 16.022  0.159E-04
 16.032  0.133E-04
 16.042  0.109E-04
 16.052  0.891E-05
 16.062  0.714E-05
 16.072  0.562E-05
 16.082  0.433E-05
 16.092  0.326E-05
 16.102  0.238E-05
 16.112  0.168E-05
 16.122  0.113E-05
 16.132  0.715E-06
 16.142  0.417E-06
 16.152  0.216E-06
 16.162  0.927E-07
 16.172  0.284E-07
 16.182  0.395E-08
 16.192  0.126E-11
 16.202  0.000E+00
