# E (eV) pdos(E) 
 -5.838  0.000E+00
 -5.828  0.175E-04
 -5.818  0.140E-03
 -5.808  0.472E-03
 -5.798  0.112E-02
 -5.788  0.218E-02
 -5.778  0.238E-02
 -5.768  0.276E-02
 -5.758  0.336E-02
 -5.748  0.404E-02
 -5.738  0.478E-02
 -5.728  0.558E-02
 -5.718  0.648E-02
 -5.708  0.744E-02
 -5.698  0.846E-02
 -5.688  0.948E-02
 -5.678  0.104E-01
 -5.668  0.113E-01
 -5.658  0.120E-01
 -5.648  0.126E-01
 -5.638  0.133E-01
 -5.628  0.142E-01
 -5.618  0.151E-01
 -5.608  0.161E-01
 -5.598  0.171E-01
 -5.588  0.181E-01
 -5.578  0.191E-01
 -5.568  0.202E-01
 -5.558  0.214E-01
 -5.548  0.224E-01
 -5.538  0.236E-01
 -5.528  0.248E-01
 -5.518  0.260E-01
 -5.508  0.268E-01
 -5.498  0.276E-01
 -5.488  0.286E-01
 -5.478  0.296E-01
 -5.468  0.306E-01
 -5.458  0.316E-01
 -5.448  0.324E-01
 -5.438  0.334E-01
 -5.428  0.344E-01
 -5.418  0.354E-01
 -5.408  0.364E-01
 -5.398  0.374E-01
 -5.388  0.384E-01
 -5.378  0.394E-01
 -5.368  0.406E-01
 -5.358  0.416E-01
 -5.348  0.428E-01
 -5.338  0.438E-01
 -5.328  0.450E-01
 -5.318  0.462E-01
 -5.308  0.474E-01
 -5.298  0.486E-01
 -5.288  0.498E-01
 -5.278  0.508E-01
 -5.268  0.518E-01
 -5.258  0.528E-01
 -5.248  0.536E-01
 -5.238  0.544E-01
 -5.228  0.554E-01
 -5.218  0.564E-01
 -5.208  0.574E-01
 -5.198  0.584E-01
 -5.188  0.594E-01
 -5.178  0.602E-01
 -5.168  0.612E-01
 -5.158  0.622E-01
 -5.148  0.632E-01
 -5.138  0.642E-01
 -5.128  0.652E-01
 -5.118  0.662E-01
 -5.108  0.672E-01
 -5.098  0.682E-01
 -5.088  0.694E-01
 -5.078  0.704E-01
 -5.068  0.714E-01
 -5.058  0.726E-01
 -5.048  0.736E-01
 -5.038  0.748E-01
 -5.028  0.758E-01
 -5.018  0.770E-01
 -5.008  0.780E-01
 -4.998  0.792E-01
 -4.988  0.802E-01
 -4.978  0.812E-01
 -4.968  0.820E-01
 -4.958  0.830E-01
 -4.948  0.840E-01
 -4.938  0.848E-01
 -4.928  0.858E-01
 -4.918  0.868E-01
 -4.908  0.876E-01
 -4.898  0.884E-01
 -4.888  0.894E-01
 -4.878  0.904E-01
 -4.868  0.912E-01
 -4.858  0.922E-01
 -4.848  0.932E-01
 -4.838  0.940E-01
 -4.828  0.950E-01
 -4.818  0.960E-01
 -4.808  0.970E-01
 -4.798  0.980E-01
 -4.788  0.990E-01
 -4.778  0.100E+00
 -4.768  0.101E+00
 -4.758  0.102E+00
 -4.748  0.103E+00
 -4.738  0.104E+00
 -4.728  0.105E+00
 -4.718  0.106E+00
 -4.708  0.107E+00
 -4.698  0.108E+00
 -4.688  0.109E+00
 -4.678  0.110E+00
 -4.668  0.111E+00
 -4.658  0.112E+00
 -4.648  0.113E+00
 -4.638  0.114E+00
 -4.628  0.115E+00
 -4.618  0.116E+00
 -4.608  0.117E+00
 -4.598  0.118E+00
 -4.588  0.118E+00
 -4.578  0.119E+00
 -4.568  0.120E+00
 -4.558  0.121E+00
 -4.548  0.122E+00
 -4.538  0.123E+00
 -4.528  0.124E+00
 -4.518  0.125E+00
 -4.508  0.126E+00
 -4.498  0.127E+00
 -4.488  0.127E+00
 -4.478  0.128E+00
 -4.468  0.129E+00
 -4.458  0.130E+00
 -4.448  0.131E+00
 -4.438  0.132E+00
 -4.428  0.133E+00
 -4.418  0.134E+00
 -4.408  0.135E+00
 -4.398  0.136E+00
 -4.388  0.137E+00
 -4.378  0.138E+00
 -4.368  0.139E+00
 -4.358  0.140E+00
 -4.348  0.141E+00
 -4.338  0.142E+00
 -4.328  0.142E+00
 -4.318  0.143E+00
 -4.308  0.144E+00
 -4.298  0.145E+00
 -4.288  0.146E+00
 -4.278  0.147E+00
 -4.268  0.148E+00
 -4.258  0.149E+00
 -4.248  0.150E+00
 -4.238  0.151E+00
 -4.228  0.152E+00
 -4.218  0.153E+00
 -4.208  0.154E+00
 -4.198  0.155E+00
 -4.188  0.156E+00
 -4.178  0.157E+00
 -4.168  0.158E+00
 -4.158  0.159E+00
 -4.148  0.160E+00
 -4.138  0.161E+00
 -4.128  0.162E+00
 -4.118  0.163E+00
 -4.108  0.164E+00
 -4.098  0.165E+00
 -4.088  0.166E+00
 -4.078  0.167E+00
 -4.068  0.168E+00
 -4.058  0.169E+00
 -4.048  0.170E+00
 -4.038  0.171E+00
 -4.028  0.172E+00
 -4.018  0.173E+00
 -4.008  0.174E+00
 -3.998  0.175E+00
 -3.988  0.176E+00
 -3.978  0.177E+00
 -3.968  0.178E+00
 -3.958  0.179E+00
 -3.948  0.180E+00
 -3.938  0.181E+00
 -3.928  0.182E+00
 -3.918  0.183E+00
 -3.908  0.184E+00
 -3.898  0.186E+00
 -3.888  0.187E+00
 -3.878  0.188E+00
 -3.868  0.189E+00
 -3.858  0.190E+00
 -3.848  0.191E+00
 -3.838  0.193E+00
 -3.828  0.194E+00
 -3.818  0.195E+00
 -3.808  0.196E+00
 -3.798  0.198E+00
 -3.788  0.199E+00
 -3.778  0.200E+00
 -3.768  0.202E+00
 -3.758  0.202E+00
 -3.748  0.204E+00
 -3.738  0.206E+00
 -3.728  0.206E+00
 -3.718  0.208E+00
 -3.708  0.210E+00
 -3.698  0.212E+00
 -3.688  0.212E+00
 -3.678  0.214E+00
 -3.668  0.216E+00
 -3.658  0.218E+00
 -3.648  0.220E+00
 -3.638  0.222E+00
 -3.628  0.224E+00
 -3.618  0.226E+00
 -3.608  0.228E+00
 -3.598  0.230E+00
 -3.588  0.232E+00
 -3.578  0.234E+00
 -3.568  0.236E+00
 -3.558  0.240E+00
 -3.548  0.242E+00
 -3.538  0.246E+00
 -3.528  0.252E+00
 -3.518  0.260E+00
 -3.508  0.268E+00
 -3.498  0.280E+00
 -3.488  0.290E+00
 -3.478  0.282E+00
 -3.468  0.268E+00
 -3.458  0.268E+00
 -3.448  0.268E+00
 -3.438  0.268E+00
 -3.428  0.268E+00
 -3.418  0.270E+00
 -3.408  0.270E+00
 -3.398  0.270E+00
 -3.388  0.270E+00
 -3.378  0.268E+00
 -3.368  0.266E+00
 -3.358  0.262E+00
 -3.348  0.260E+00
 -3.338  0.260E+00
 -3.328  0.262E+00
 -3.318  0.264E+00
 -3.308  0.266E+00
 -3.298  0.268E+00
 -3.288  0.270E+00
 -3.278  0.270E+00
 -3.268  0.270E+00
 -3.258  0.270E+00
 -3.248  0.268E+00
 -3.238  0.266E+00
 -3.228  0.266E+00
 -3.218  0.264E+00
 -3.208  0.260E+00
 -3.198  0.258E+00
 -3.188  0.258E+00
 -3.178  0.258E+00
 -3.168  0.258E+00
 -3.158  0.256E+00
 -3.148  0.256E+00
 -3.138  0.254E+00
 -3.128  0.254E+00
 -3.118  0.254E+00
 -3.108  0.254E+00
 -3.098  0.254E+00
 -3.088  0.252E+00
 -3.078  0.252E+00
 -3.068  0.252E+00
 -3.058  0.252E+00
 -3.048  0.252E+00
 -3.038  0.250E+00
 -3.028  0.250E+00
 -3.018  0.250E+00
 -3.008  0.248E+00
 -2.998  0.248E+00
 -2.988  0.246E+00
 -2.978  0.246E+00
 -2.968  0.244E+00
 -2.958  0.242E+00
 -2.948  0.240E+00
 -2.938  0.240E+00
 -2.928  0.240E+00
 -2.918  0.238E+00
 -2.908  0.238E+00
 -2.898  0.238E+00
 -2.888  0.238E+00
 -2.878  0.236E+00
 -2.868  0.236E+00
 -2.858  0.236E+00
 -2.848  0.236E+00
 -2.838  0.236E+00
 -2.828  0.234E+00
 -2.818  0.234E+00
 -2.808  0.234E+00
 -2.798  0.232E+00
 -2.788  0.232E+00
 -2.778  0.232E+00
 -2.768  0.230E+00
 -2.758  0.230E+00
 -2.748  0.230E+00
 -2.738  0.228E+00
 -2.728  0.226E+00
 -2.718  0.226E+00
 -2.708  0.224E+00
 -2.698  0.222E+00
 -2.688  0.222E+00
 -2.678  0.220E+00
 -2.668  0.218E+00
 -2.658  0.218E+00
 -2.648  0.216E+00
 -2.638  0.216E+00
 -2.628  0.214E+00
 -2.618  0.214E+00
 -2.608  0.212E+00
 -2.598  0.212E+00
 -2.588  0.210E+00
 -2.578  0.210E+00
 -2.568  0.210E+00
 -2.558  0.208E+00
 -2.548  0.208E+00
 -2.538  0.208E+00
 -2.528  0.206E+00
 -2.518  0.206E+00
 -2.508  0.204E+00
 -2.498  0.204E+00
 -2.488  0.202E+00
 -2.478  0.202E+00
 -2.468  0.200E+00
 -2.458  0.200E+00
 -2.448  0.199E+00
 -2.438  0.198E+00
 -2.428  0.197E+00
 -2.418  0.196E+00
 -2.408  0.195E+00
 -2.398  0.194E+00
 -2.388  0.193E+00
 -2.378  0.192E+00
 -2.368  0.191E+00
 -2.358  0.190E+00
 -2.348  0.188E+00
 -2.338  0.186E+00
 -2.328  0.185E+00
 -2.318  0.183E+00
 -2.308  0.182E+00
 -2.298  0.181E+00
 -2.288  0.180E+00
 -2.278  0.179E+00
 -2.268  0.179E+00
 -2.258  0.178E+00
 -2.248  0.177E+00
 -2.238  0.176E+00
 -2.228  0.175E+00
 -2.218  0.174E+00
 -2.208  0.173E+00
 -2.198  0.172E+00
 -2.188  0.171E+00
 -2.178  0.170E+00
 -2.168  0.168E+00
 -2.158  0.166E+00
 -2.148  0.164E+00
 -2.138  0.163E+00
 -2.128  0.161E+00
 -2.118  0.160E+00
 -2.108  0.159E+00
 -2.098  0.163E+00
 -2.088  0.164E+00
 -2.078  0.163E+00
 -2.068  0.162E+00
 -2.058  0.160E+00
 -2.048  0.159E+00
 -2.038  0.158E+00
 -2.028  0.156E+00
 -2.018  0.154E+00
 -2.008  0.153E+00
 -1.998  0.153E+00
 -1.988  0.157E+00
 -1.978  0.158E+00
 -1.968  0.158E+00
 -1.958  0.155E+00
 -1.948  0.150E+00
 -1.938  0.141E+00
 -1.928  0.131E+00
 -1.918  0.125E+00
 -1.908  0.118E+00
 -1.898  0.113E+00
 -1.888  0.107E+00
 -1.878  0.101E+00
 -1.868  0.955E-01
 -1.858  0.902E-01
 -1.848  0.849E-01
 -1.838  0.798E-01
 -1.828  0.748E-01
 -1.818  0.700E-01
 -1.808  0.653E-01
 -1.798  0.609E-01
 -1.788  0.566E-01
 -1.778  0.524E-01
 -1.768  0.484E-01
 -1.758  0.446E-01
 -1.748  0.410E-01
 -1.738  0.374E-01
 -1.728  0.341E-01
 -1.718  0.308E-01
 -1.708  0.277E-01
 -1.698  0.247E-01
 -1.688  0.219E-01
 -1.678  0.192E-01
 -1.668  0.170E-01
 -1.658  0.154E-01
 -1.648  0.140E-01
 -1.638  0.129E-01
 -1.628  0.121E-01
 -1.618  0.116E-01
 -1.608  0.113E-01
 -1.598  0.113E-01
 -1.588  0.115E-01
 -1.578  0.120E-01
 -1.568  0.128E-01
 -1.558  0.138E-01
 -1.548  0.152E-01
 -1.538  0.168E-01
 -1.528  0.189E-01
 -1.518  0.214E-01
 -1.508  0.244E-01
 -1.498  0.276E-01
 -1.488  0.308E-01
 -1.478  0.341E-01
 -1.468  0.375E-01
 -1.458  0.410E-01
 -1.448  0.445E-01
 -1.438  0.482E-01
 -1.428  0.519E-01
 -1.418  0.557E-01
 -1.408  0.597E-01
 -1.398  0.636E-01
 -1.388  0.678E-01
 -1.378  0.720E-01
 -1.368  0.762E-01
 -1.358  0.806E-01
 -1.348  0.849E-01
 -1.338  0.892E-01
 -1.328  0.934E-01
 -1.318  0.978E-01
 -1.308  0.102E+00
 -1.298  0.106E+00
 -1.288  0.110E+00
 -1.278  0.115E+00
 -1.268  0.119E+00
 -1.258  0.123E+00
 -1.248  0.127E+00
 -1.238  0.131E+00
 -1.228  0.135E+00
 -1.218  0.140E+00
 -1.208  0.144E+00
 -1.198  0.148E+00
 -1.188  0.152E+00
 -1.178  0.156E+00
 -1.168  0.161E+00
 -1.158  0.166E+00
 -1.148  0.166E+00
 -1.138  0.164E+00
 -1.128  0.173E+00
 -1.118  0.177E+00
 -1.108  0.176E+00
 -1.098  0.175E+00
 -1.088  0.178E+00
 -1.078  0.182E+00
 -1.068  0.185E+00
 -1.058  0.189E+00
 -1.048  0.192E+00
 -1.038  0.196E+00
 -1.028  0.200E+00
 -1.018  0.204E+00
 -1.008  0.209E+00
 -0.998  0.213E+00
 -0.988  0.216E+00
 -0.978  0.218E+00
 -0.968  0.222E+00
 -0.958  0.225E+00
 -0.948  0.228E+00
 -0.938  0.232E+00
 -0.928  0.236E+00
 -0.918  0.239E+00
 -0.908  0.242E+00
 -0.898  0.246E+00
 -0.888  0.250E+00
 -0.878  0.254E+00
 -0.868  0.258E+00
 -0.858  0.264E+00
 -0.848  0.272E+00
 -0.838  0.284E+00
 -0.828  0.302E+00
 -0.818  0.328E+00
 -0.808  0.362E+00
 -0.798  0.460E+00
 -0.788  0.498E+00
 -0.778  0.526E+00
 -0.768  0.550E+00
 -0.758  0.574E+00
 -0.748  0.600E+00
 -0.738  0.618E+00
 -0.728  0.632E+00
 -0.718  0.658E+00
 -0.708  0.702E+00
 -0.698  0.762E+00
 -0.688  0.818E+00
 -0.678  0.906E+00
 -0.668  0.986E+00
 -0.658  0.115E+01
 -0.648  0.123E+01
 -0.638  0.124E+01
 -0.628  0.119E+01
 -0.618  0.109E+01
 -0.608  0.100E+01
 -0.598  0.924E+00
 -0.588  0.860E+00
 -0.578  0.810E+00
 -0.568  0.766E+00
 -0.558  0.732E+00
 -0.548  0.706E+00
 -0.538  0.684E+00
 -0.528  0.664E+00
 -0.518  0.648E+00
 -0.508  0.632E+00
 -0.498  0.618E+00
 -0.488  0.606E+00
 -0.478  0.592E+00
 -0.468  0.580E+00
 -0.458  0.568E+00
 -0.448  0.558E+00
 -0.438  0.546E+00
 -0.428  0.536E+00
 -0.418  0.524E+00
 -0.408  0.516E+00
 -0.398  0.508E+00
 -0.388  0.500E+00
 -0.378  0.492E+00
 -0.368  0.486E+00
 -0.358  0.480E+00
 -0.348  0.474E+00
 -0.338  0.468E+00
 -0.328  0.462E+00
 -0.318  0.458E+00
 -0.308  0.452E+00
 -0.298  0.446E+00
 -0.288  0.442E+00
 -0.278  0.438E+00
 -0.268  0.434E+00
 -0.258  0.428E+00
 -0.248  0.424E+00
 -0.238  0.420E+00
 -0.228  0.416E+00
 -0.218  0.414E+00
 -0.208  0.410E+00
 -0.198  0.406E+00
 -0.188  0.402E+00
 -0.178  0.398E+00
 -0.168  0.396E+00
 -0.158  0.392E+00
 -0.148  0.388E+00
 -0.138  0.384E+00
 -0.128  0.382E+00
 -0.118  0.378E+00
 -0.108  0.374E+00
 -0.098  0.372E+00
 -0.088  0.368E+00
 -0.078  0.366E+00
 -0.068  0.362E+00
 -0.058  0.358E+00
 -0.048  0.356E+00
 -0.038  0.352E+00
 -0.028  0.348E+00
 -0.018  0.346E+00
 -0.008  0.342E+00
  0.002  0.340E+00
  0.012  0.336E+00
  0.022  0.334E+00
  0.032  0.330E+00
  0.042  0.328E+00
  0.052  0.324E+00
  0.062  0.322E+00
  0.072  0.320E+00
  0.082  0.316E+00
  0.092  0.314E+00
  0.102  0.314E+00
  0.112  0.312E+00
  0.122  0.310E+00
  0.132  0.308E+00
  0.142  0.306E+00
  0.152  0.304E+00
  0.162  0.302E+00
  0.172  0.302E+00
  0.182  0.300E+00
  0.192  0.298E+00
  0.202  0.296E+00
  0.212  0.294E+00
  0.222  0.294E+00
  0.232  0.292E+00
  0.242  0.290E+00
  0.252  0.288E+00
  0.262  0.286E+00
  0.272  0.286E+00
  0.282  0.284E+00
  0.292  0.282E+00
  0.302  0.280E+00
  0.312  0.280E+00
  0.322  0.278E+00
  0.332  0.276E+00
  0.342  0.274E+00
  0.352  0.272E+00
  0.362  0.272E+00
  0.372  0.270E+00
  0.382  0.268E+00
  0.392  0.266E+00
  0.402  0.264E+00
  0.412  0.264E+00
  0.422  0.262E+00
  0.432  0.260E+00
  0.442  0.258E+00
  0.452  0.256E+00
  0.462  0.256E+00
  0.472  0.254E+00
  0.482  0.252E+00
  0.492  0.250E+00
  0.502  0.248E+00
  0.512  0.248E+00
  0.522  0.246E+00
  0.532  0.244E+00
  0.542  0.242E+00
  0.552  0.240E+00
  0.562  0.236E+00
  0.572  0.234E+00
  0.582  0.234E+00
  0.592  0.232E+00
  0.602  0.232E+00
  0.612  0.230E+00
  0.622  0.228E+00
  0.632  0.228E+00
  0.642  0.226E+00
  0.652  0.226E+00
  0.662  0.224E+00
  0.672  0.224E+00
  0.682  0.224E+00
  0.692  0.222E+00
  0.702  0.222E+00
  0.712  0.220E+00
  0.722  0.220E+00
  0.732  0.218E+00
  0.742  0.218E+00
  0.752  0.216E+00
  0.762  0.216E+00
  0.772  0.216E+00
  0.782  0.214E+00
  0.792  0.214E+00
  0.802  0.212E+00
  0.812  0.212E+00
  0.822  0.210E+00
  0.832  0.210E+00
  0.842  0.208E+00
  0.852  0.208E+00
  0.862  0.208E+00
  0.872  0.206E+00
  0.882  0.206E+00
  0.892  0.204E+00
  0.902  0.204E+00
  0.912  0.202E+00
  0.922  0.202E+00
  0.932  0.200E+00
  0.942  0.200E+00
  0.952  0.199E+00
  0.962  0.198E+00
  0.972  0.197E+00
  0.982  0.196E+00
  0.992  0.195E+00
  1.002  0.194E+00
  1.012  0.193E+00
  1.022  0.192E+00
  1.032  0.191E+00
  1.042  0.190E+00
  1.052  0.189E+00
  1.062  0.187E+00
  1.072  0.186E+00
  1.082  0.184E+00
  1.092  0.183E+00
  1.102  0.182E+00
  1.112  0.181E+00
  1.122  0.180E+00
  1.132  0.179E+00
  1.142  0.178E+00
  1.152  0.176E+00
  1.162  0.175E+00
  1.172  0.174E+00
  1.182  0.172E+00
  1.192  0.171E+00
  1.202  0.170E+00
  1.212  0.169E+00
  1.222  0.169E+00
  1.232  0.168E+00
  1.242  0.167E+00
  1.252  0.167E+00
  1.262  0.166E+00
  1.272  0.166E+00
  1.282  0.165E+00
  1.292  0.165E+00
  1.302  0.164E+00
  1.312  0.163E+00
  1.322  0.163E+00
  1.332  0.162E+00
  1.342  0.162E+00
  1.352  0.161E+00
  1.362  0.161E+00
  1.372  0.160E+00
  1.382  0.160E+00
  1.392  0.159E+00
  1.402  0.158E+00
  1.412  0.158E+00
  1.422  0.157E+00
  1.432  0.157E+00
  1.442  0.156E+00
  1.452  0.156E+00
  1.462  0.155E+00
  1.472  0.155E+00
  1.482  0.154E+00
  1.492  0.153E+00
  1.502  0.153E+00
  1.512  0.152E+00
  1.522  0.152E+00
  1.532  0.151E+00
  1.542  0.150E+00
  1.552  0.150E+00
  1.562  0.149E+00
  1.572  0.148E+00
  1.582  0.148E+00
  1.592  0.147E+00
  1.602  0.146E+00
  1.612  0.145E+00
  1.622  0.145E+00
  1.632  0.144E+00
  1.642  0.143E+00
  1.652  0.142E+00
  1.662  0.142E+00
  1.672  0.141E+00
  1.682  0.140E+00
  1.692  0.139E+00
  1.702  0.139E+00
  1.712  0.161E+00
  1.722  0.218E+00
  1.732  0.308E+00
  1.742  0.430E+00
  1.752  0.378E+00
  1.762  0.392E+00
  1.772  0.412E+00
  1.782  0.436E+00
  1.792  0.466E+00
  1.802  0.496E+00
  1.812  0.530E+00
  1.822  0.566E+00
  1.832  0.602E+00
  1.842  0.646E+00
  1.852  0.694E+00
  1.862  0.722E+00
  1.872  0.744E+00
  1.882  0.768E+00
  1.892  0.792E+00
  1.902  0.818E+00
  1.912  0.846E+00
  1.922  0.876E+00
  1.932  0.908E+00
  1.942  0.944E+00
  1.952  0.982E+00
  1.962  0.102E+01
  1.972  0.107E+01
  1.982  0.111E+01
  1.992  0.115E+01
  2.002  0.118E+01
  2.012  0.120E+01
  2.022  0.121E+01
  2.032  0.120E+01
  2.042  0.110E+01
  2.052  0.110E+01
  2.062  0.109E+01
  2.072  0.109E+01
  2.082  0.108E+01
  2.092  0.107E+01
  2.102  0.107E+01
  2.112  0.106E+01
  2.122  0.106E+01
  2.132  0.105E+01
  2.142  0.104E+01
  2.152  0.103E+01
  2.162  0.103E+01
  2.172  0.102E+01
  2.182  0.101E+01
  2.192  0.998E+00
  2.202  0.992E+00
  2.212  0.992E+00
  2.222  0.995E+00
  2.232  0.100E+01
  2.242  0.100E+01
  2.252  0.991E+00
  2.262  0.976E+00
  2.272  0.963E+00
  2.282  0.950E+00
  2.292  0.938E+00
  2.302  0.927E+00
  2.312  0.917E+00
  2.322  0.908E+00
  2.332  0.900E+00
  2.342  0.893E+00
  2.352  0.887E+00
  2.362  0.882E+00
  2.372  0.879E+00
  2.382  0.879E+00
  2.392  0.878E+00
  2.402  0.878E+00
  2.412  0.878E+00
  2.422  0.878E+00
  2.432  0.878E+00
  2.442  0.878E+00
  2.452  0.878E+00
  2.462  0.880E+00
  2.472  0.882E+00
  2.482  0.885E+00
  2.492  0.888E+00
  2.502  0.890E+00
  2.512  0.892E+00
  2.522  0.892E+00
  2.532  0.894E+00
  2.542  0.895E+00
  2.552  0.897E+00
  2.562  0.898E+00
  2.572  0.900E+00
  2.582  0.902E+00
  2.592  0.904E+00
  2.602  0.908E+00
  2.612  0.910E+00
  2.622  0.914E+00
  2.632  0.100E+01
  2.642  0.983E+00
  2.652  0.961E+00
  2.662  0.944E+00
  2.672  0.932E+00
  2.682  0.928E+00
  2.692  0.930E+00
  2.702  0.932E+00
  2.712  0.936E+00
  2.722  0.939E+00
  2.732  0.942E+00
  2.742  0.946E+00
  2.752  0.948E+00
  2.762  0.948E+00
  2.772  0.945E+00
  2.782  0.941E+00
  2.792  0.941E+00
  2.802  0.946E+00
  2.812  0.954E+00
  2.822  0.962E+00
  2.832  0.971E+00
  2.842  0.982E+00
  2.852  0.995E+00
  2.862  0.101E+01
  2.872  0.101E+01
  2.882  0.100E+01
  2.892  0.995E+00
  2.902  0.992E+00
  2.912  0.991E+00
  2.922  0.993E+00
  2.932  0.998E+00
  2.942  0.100E+01
  2.952  0.101E+01
  2.962  0.101E+01
  2.972  0.102E+01
  2.982  0.102E+01
  2.992  0.103E+01
  3.002  0.103E+01
  3.012  0.104E+01
  3.022  0.104E+01
  3.032  0.105E+01
  3.042  0.105E+01
  3.052  0.106E+01
  3.062  0.107E+01
  3.072  0.119E+01
  3.082  0.121E+01
  3.092  0.115E+01
  3.102  0.113E+01
  3.112  0.115E+01
  3.122  0.116E+01
  3.132  0.118E+01
  3.142  0.120E+01
  3.152  0.122E+01
  3.162  0.125E+01
  3.172  0.128E+01
  3.182  0.131E+01
  3.192  0.126E+01
  3.202  0.128E+01
  3.212  0.129E+01
  3.222  0.130E+01
  3.232  0.130E+01
  3.242  0.131E+01
  3.252  0.133E+01
  3.262  0.134E+01
  3.272  0.136E+01
  3.282  0.139E+01
  3.292  0.142E+01
  3.302  0.145E+01
  3.312  0.149E+01
  3.322  0.145E+01
  3.332  0.139E+01
  3.342  0.139E+01
  3.352  0.143E+01
  3.362  0.142E+01
  3.372  0.142E+01
  3.382  0.141E+01
  3.392  0.140E+01
  3.402  0.140E+01
  3.412  0.140E+01
  3.422  0.139E+01
  3.432  0.139E+01
  3.442  0.140E+01
  3.452  0.142E+01
  3.462  0.141E+01
  3.472  0.140E+01
  3.482  0.140E+01
  3.492  0.139E+01
  3.502  0.137E+01
  3.512  0.137E+01
  3.522  0.136E+01
  3.532  0.136E+01
  3.542  0.136E+01
  3.552  0.136E+01
  3.562  0.136E+01
  3.572  0.135E+01
  3.582  0.135E+01
  3.592  0.135E+01
  3.602  0.135E+01
  3.612  0.135E+01
  3.622  0.135E+01
  3.632  0.135E+01
  3.642  0.135E+01
  3.652  0.135E+01
  3.662  0.135E+01
  3.672  0.135E+01
  3.682  0.135E+01
  3.692  0.134E+01
  3.702  0.134E+01
  3.712  0.134E+01
  3.722  0.134E+01
  3.732  0.133E+01
  3.742  0.133E+01
  3.752  0.133E+01
  3.762  0.133E+01
  3.772  0.132E+01
  3.782  0.132E+01
  3.792  0.132E+01
  3.802  0.131E+01
  3.812  0.131E+01
  3.822  0.130E+01
  3.832  0.130E+01
  3.842  0.130E+01
  3.852  0.129E+01
  3.862  0.129E+01
  3.872  0.128E+01
  3.882  0.128E+01
  3.892  0.127E+01
  3.902  0.127E+01
  3.912  0.127E+01
  3.922  0.127E+01
  3.932  0.126E+01
  3.942  0.126E+01
  3.952  0.126E+01
  3.962  0.126E+01
  3.972  0.126E+01
  3.982  0.126E+01
  3.992  0.126E+01
  4.002  0.126E+01
  4.012  0.127E+01
  4.022  0.127E+01
  4.032  0.127E+01
  4.042  0.127E+01
  4.052  0.127E+01
  4.062  0.126E+01
  4.072  0.126E+01
  4.082  0.126E+01
  4.092  0.126E+01
  4.102  0.125E+01
  4.112  0.125E+01
  4.122  0.125E+01
  4.132  0.124E+01
  4.142  0.124E+01
  4.152  0.123E+01
  4.162  0.123E+01
  4.172  0.123E+01
  4.182  0.122E+01
  4.192  0.122E+01
  4.202  0.121E+01
  4.212  0.121E+01
  4.222  0.121E+01
  4.232  0.120E+01
  4.242  0.120E+01
  4.252  0.120E+01
  4.262  0.120E+01
  4.272  0.119E+01
  4.282  0.119E+01
  4.292  0.119E+01
  4.302  0.119E+01
  4.312  0.119E+01
  4.322  0.119E+01
  4.332  0.119E+01
  4.342  0.119E+01
  4.352  0.119E+01
  4.362  0.119E+01
  4.372  0.119E+01
  4.382  0.119E+01
  4.392  0.119E+01
  4.402  0.119E+01
  4.412  0.119E+01
  4.422  0.118E+01
  4.432  0.118E+01
  4.442  0.118E+01
  4.452  0.118E+01
  4.462  0.117E+01
  4.472  0.117E+01
  4.482  0.117E+01
  4.492  0.117E+01
  4.502  0.116E+01
  4.512  0.116E+01
  4.522  0.115E+01
  4.532  0.115E+01
  4.542  0.115E+01
  4.552  0.115E+01
  4.562  0.116E+01
  4.572  0.116E+01
  4.582  0.116E+01
  4.592  0.116E+01
  4.602  0.116E+01
  4.612  0.116E+01
  4.622  0.116E+01
  4.632  0.116E+01
  4.642  0.116E+01
  4.652  0.116E+01
  4.662  0.116E+01
  4.672  0.116E+01
  4.682  0.116E+01
  4.692  0.116E+01
  4.702  0.116E+01
  4.712  0.116E+01
  4.722  0.116E+01
  4.732  0.115E+01
  4.742  0.115E+01
  4.752  0.115E+01
  4.762  0.114E+01
  4.772  0.114E+01
  4.782  0.113E+01
  4.792  0.113E+01
  4.802  0.113E+01
  4.812  0.112E+01
  4.822  0.112E+01
  4.832  0.112E+01
  4.842  0.112E+01
  4.852  0.112E+01
  4.862  0.112E+01
  4.872  0.111E+01
  4.882  0.110E+01
  4.892  0.109E+01
  4.902  0.107E+01
  4.912  0.106E+01
  4.922  0.103E+01
  4.932  0.100E+01
  4.942  0.956E+00
  4.952  0.910E+00
  4.962  0.878E+00
  4.972  0.858E+00
  4.982  0.842E+00
  4.992  0.826E+00
  5.002  0.810E+00
  5.012  0.792E+00
  5.022  0.774E+00
  5.032  0.758E+00
  5.042  0.738E+00
  5.052  0.730E+00
  5.062  0.716E+00
  5.072  0.706E+00
  5.082  0.696E+00
  5.092  0.686E+00
  5.102  0.674E+00
  5.112  0.664E+00
  5.122  0.652E+00
  5.132  0.642E+00
  5.142  0.630E+00
  5.152  0.620E+00
  5.162  0.610E+00
  5.172  0.602E+00
  5.182  0.592E+00
  5.192  0.584E+00
  5.202  0.576E+00
  5.212  0.568E+00
  5.222  0.560E+00
  5.232  0.552E+00
  5.242  0.546E+00
  5.252  0.538E+00
  5.262  0.532E+00
  5.272  0.526E+00
  5.282  0.518E+00
  5.292  0.512E+00
  5.302  0.504E+00
  5.312  0.498E+00
  5.322  0.490E+00
  5.332  0.484E+00
  5.342  0.476E+00
  5.352  0.468E+00
  5.362  0.462E+00
  5.372  0.454E+00
  5.382  0.448E+00
  5.392  0.440E+00
  5.402  0.434E+00
  5.412  0.428E+00
  5.422  0.420E+00
  5.432  0.414E+00
  5.442  0.408E+00
  5.452  0.402E+00
  5.462  0.396E+00
  5.472  0.390E+00
  5.482  0.386E+00
  5.492  0.380E+00
  5.502  0.374E+00
  5.512  0.368E+00
  5.522  0.364E+00
  5.532  0.358E+00
  5.542  0.352E+00
  5.552  0.348E+00
  5.562  0.342E+00
  5.572  0.338E+00
  5.582  0.332E+00
  5.592  0.328E+00
  5.602  0.322E+00
  5.612  0.320E+00
  5.622  0.326E+00
  5.632  0.322E+00
  5.642  0.316E+00
  5.652  0.312E+00
  5.662  0.306E+00
  5.672  0.302E+00
  5.682  0.296E+00
  5.692  0.290E+00
  5.702  0.284E+00
  5.712  0.278E+00
  5.722  0.270E+00
  5.732  0.264E+00
  5.742  0.258E+00
  5.752  0.252E+00
  5.762  0.246E+00
  5.772  0.242E+00
  5.782  0.236E+00
  5.792  0.230E+00
  5.802  0.226E+00
  5.812  0.220E+00
  5.822  0.214E+00
  5.832  0.210E+00
  5.842  0.206E+00
  5.852  0.200E+00
  5.862  0.196E+00
  5.872  0.190E+00
  5.882  0.184E+00
  5.892  0.178E+00
  5.902  0.171E+00
  5.912  0.163E+00
  5.922  0.155E+00
  5.932  0.146E+00
  5.942  0.137E+00
  5.952  0.130E+00
  5.962  0.123E+00
  5.972  0.117E+00
  5.982  0.111E+00
  5.992  0.106E+00
  6.002  0.101E+00
  6.012  0.960E-01
  6.022  0.918E-01
  6.032  0.880E-01
  6.042  0.846E-01
  6.052  0.818E-01
  6.062  0.662E-01
  6.072  0.364E-01
  6.082  0.224E-01
  6.092  0.158E-01
  6.102  0.103E-01
  6.112  0.600E-02
  6.122  0.286E-02
  6.132  0.860E-03
  6.142  0.276E-04
  6.152  0.000E+00
  6.162  0.000E+00
  6.172  0.000E+00
  6.182  0.000E+00
  6.192  0.000E+00
  6.202  0.000E+00
  6.212  0.000E+00
  6.222  0.000E+00
  6.232  0.000E+00
  6.242  0.000E+00
  6.252  0.000E+00
  6.262  0.000E+00
  6.272  0.000E+00
  6.282  0.000E+00
  6.292  0.000E+00
  6.302  0.000E+00
  6.312  0.000E+00
  6.322  0.000E+00
  6.332  0.000E+00
  6.342  0.000E+00
  6.352  0.000E+00
  6.362  0.000E+00
  6.372  0.000E+00
  6.382  0.000E+00
  6.392  0.000E+00
  6.402  0.000E+00
  6.412  0.000E+00
  6.422  0.000E+00
  6.432  0.000E+00
  6.442  0.000E+00
  6.452  0.000E+00
  6.462  0.000E+00
  6.472  0.000E+00
  6.482  0.000E+00
  6.492  0.000E+00
  6.502  0.000E+00
  6.512  0.000E+00
  6.522  0.000E+00
  6.532  0.000E+00
  6.542  0.000E+00
  6.552  0.000E+00
  6.562  0.000E+00
  6.572  0.000E+00
  6.582  0.000E+00
  6.592  0.000E+00
  6.602  0.000E+00
  6.612  0.000E+00
  6.622  0.308E-03
  6.632  0.159E-02
  6.642  0.388E-02
  6.652  0.719E-02
  6.662  0.114E-01
  6.672  0.160E-01
  6.682  0.209E-01
  6.692  0.261E-01
  6.702  0.316E-01
  6.712  0.373E-01
  6.722  0.433E-01
  6.732  0.497E-01
  6.742  0.563E-01
  6.752  0.623E-01
  6.762  0.661E-01
  6.772  0.696E-01
  6.782  0.739E-01
  6.792  0.789E-01
  6.802  0.839E-01
  6.812  0.889E-01
  6.822  0.938E-01
  6.832  0.989E-01
  6.842  0.104E+00
  6.852  0.109E+00
  6.862  0.114E+00
  6.872  0.119E+00
  6.882  0.123E+00
  6.892  0.128E+00
  6.902  0.132E+00
  6.912  0.136E+00
  6.922  0.140E+00
  6.932  0.144E+00
  6.942  0.148E+00
  6.952  0.152E+00
  6.962  0.156E+00
  6.972  0.160E+00
  6.982  0.165E+00
  6.992  0.169E+00
  7.002  0.174E+00
  7.012  0.178E+00
  7.022  0.183E+00
  7.032  0.187E+00
  7.042  0.192E+00
  7.052  0.197E+00
  7.062  0.201E+00
  7.072  0.206E+00
  7.082  0.211E+00
  7.092  0.216E+00
  7.102  0.221E+00
  7.112  0.227E+00
  7.122  0.232E+00
  7.132  0.236E+00
  7.142  0.240E+00
  7.152  0.242E+00
  7.162  0.246E+00
  7.172  0.248E+00
  7.182  0.250E+00
  7.192  0.252E+00
  7.202  0.252E+00
  7.212  0.253E+00
  7.222  0.255E+00
  7.232  0.258E+00
  7.242  0.260E+00
  7.252  0.263E+00
  7.262  0.266E+00
  7.272  0.268E+00
  7.282  0.271E+00
  7.292  0.274E+00
  7.302  0.276E+00
  7.312  0.278E+00
  7.322  0.281E+00
  7.332  0.284E+00
  7.342  0.287E+00
  7.352  0.290E+00
  7.362  0.293E+00
  7.372  0.296E+00
  7.382  0.299E+00
  7.392  0.302E+00
  7.402  0.305E+00
  7.412  0.308E+00
  7.422  0.312E+00
  7.432  0.315E+00
  7.442  0.318E+00
  7.452  0.321E+00
  7.462  0.324E+00
  7.472  0.328E+00
  7.482  0.331E+00
  7.492  0.334E+00
  7.502  0.337E+00
  7.512  0.340E+00
  7.522  0.344E+00
  7.532  0.347E+00
  7.542  0.350E+00
  7.552  0.353E+00
  7.562  0.357E+00
  7.572  0.360E+00
  7.582  0.363E+00
  7.592  0.366E+00
  7.602  0.369E+00
  7.612  0.372E+00
  7.622  0.376E+00
  7.632  0.380E+00
  7.642  0.383E+00
  7.652  0.387E+00
  7.662  0.391E+00
  7.672  0.396E+00
  7.682  0.400E+00
  7.692  0.404E+00
  7.702  0.408E+00
  7.712  0.413E+00
  7.722  0.418E+00
  7.732  0.422E+00
  7.742  0.428E+00
  7.752  0.432E+00
  7.762  0.438E+00
  7.772  0.443E+00
  7.782  0.448E+00
  7.792  0.454E+00
  7.802  0.458E+00
  7.812  0.464E+00
  7.822  0.470E+00
  7.832  0.475E+00
  7.842  0.480E+00
  7.852  0.486E+00
  7.862  0.492E+00
  7.872  0.498E+00
  7.882  0.504E+00
  7.892  0.510E+00
  7.902  0.516E+00
  7.912  0.523E+00
  7.922  0.530E+00
  7.932  0.536E+00
  7.942  0.542E+00
  7.952  0.548E+00
  7.962  0.554E+00
  7.972  0.560E+00
  7.982  0.568E+00
  7.992  0.576E+00
  8.002  0.584E+00
  8.012  0.592E+00
  8.022  0.600E+00
  8.032  0.608E+00
  8.042  0.616E+00
  8.052  0.624E+00
  8.062  0.632E+00
  8.072  0.640E+00
  8.082  0.648E+00
  8.092  0.656E+00
  8.102  0.664E+00
  8.112  0.672E+00
  8.122  0.682E+00
  8.132  0.690E+00
  8.142  0.698E+00
  8.152  0.708E+00
  8.162  0.716E+00
  8.172  0.726E+00
  8.182  0.736E+00
  8.192  0.746E+00
  8.202  0.756E+00
  8.212  0.768E+00
  8.222  0.780E+00
  8.232  0.792E+00
  8.242  0.806E+00
  8.252  0.818E+00
  8.262  0.832E+00
  8.272  0.846E+00
  8.282  0.858E+00
  8.292  0.873E+00
  8.302  0.890E+00
  8.312  0.908E+00
  8.322  0.927E+00
  8.332  0.944E+00
  8.342  0.960E+00
  8.352  0.972E+00
  8.362  0.984E+00
  8.372  0.992E+00
  8.382  0.100E+01
  8.392  0.100E+01
  8.402  0.101E+01
  8.412  0.101E+01
  8.422  0.100E+01
  8.432  0.990E+00
  8.442  0.982E+00
  8.452  0.974E+00
  8.462  0.968E+00
  8.472  0.964E+00
  8.482  0.963E+00
  8.492  0.965E+00
  8.502  0.962E+00
  8.512  0.958E+00
  8.522  0.956E+00
  8.532  0.957E+00
  8.542  0.958E+00
  8.552  0.962E+00
  8.562  0.966E+00
  8.572  0.972E+00
  8.582  0.974E+00
  8.592  0.964E+00
  8.602  0.950E+00
  8.612  0.937E+00
  8.622  0.923E+00
  8.632  0.908E+00
  8.642  0.893E+00
  8.652  0.879E+00
  8.662  0.866E+00
  8.672  0.855E+00
  8.682  0.843E+00
  8.692  0.832E+00
  8.702  0.819E+00
  8.712  0.804E+00
  8.722  0.789E+00
  8.732  0.775E+00
  8.742  0.762E+00
  8.752  0.752E+00
  8.762  0.744E+00
  8.772  0.738E+00
  8.782  0.733E+00
  8.792  0.732E+00
  8.802  0.724E+00
  8.812  0.724E+00
  8.822  0.728E+00
  8.832  0.738E+00
  8.842  0.753E+00
  8.852  0.764E+00
  8.862  0.773E+00
  8.872  0.778E+00
  8.882  0.781E+00
  8.892  0.780E+00
  8.902  0.777E+00
  8.912  0.771E+00
  8.922  0.763E+00
  8.932  0.754E+00
  8.942  0.744E+00
  8.952  0.734E+00
  8.962  0.727E+00
  8.972  0.723E+00
  8.982  0.722E+00
  8.992  0.724E+00
  9.002  0.728E+00
  9.012  0.733E+00
  9.022  0.714E+00
  9.032  0.692E+00
  9.042  0.669E+00
  9.052  0.652E+00
  9.062  0.642E+00
  9.072  0.640E+00
  9.082  0.646E+00
  9.092  0.660E+00
  9.102  0.632E+00
  9.112  0.539E+00
  9.122  0.501E+00
  9.132  0.464E+00
  9.142  0.456E+00
  9.152  0.458E+00
  9.162  0.460E+00
  9.172  0.462E+00
  9.182  0.464E+00
  9.192  0.466E+00
  9.202  0.470E+00
  9.212  0.474E+00
  9.222  0.478E+00
  9.232  0.484E+00
  9.242  0.490E+00
  9.252  0.502E+00
  9.262  0.524E+00
  9.272  0.556E+00
  9.282  0.589E+00
  9.292  0.632E+00
  9.302  0.686E+00
  9.312  0.748E+00
  9.322  0.822E+00
  9.332  0.904E+00
  9.342  0.990E+00
  9.352  0.108E+01
  9.362  0.116E+01
  9.372  0.121E+01
  9.382  0.128E+01
  9.392  0.138E+01
  9.402  0.148E+01
  9.412  0.157E+01
  9.422  0.164E+01
  9.432  0.167E+01
  9.442  0.167E+01
  9.452  0.166E+01
  9.462  0.164E+01
  9.472  0.162E+01
  9.482  0.160E+01
  9.492  0.158E+01
  9.502  0.155E+01
  9.512  0.153E+01
  9.522  0.151E+01
  9.532  0.148E+01
  9.542  0.145E+01
  9.552  0.142E+01
  9.562  0.136E+01
  9.572  0.131E+01
  9.582  0.126E+01
  9.592  0.121E+01
  9.602  0.117E+01
  9.612  0.114E+01
  9.622  0.112E+01
  9.632  0.112E+01
  9.642  0.113E+01
  9.652  0.114E+01
  9.662  0.114E+01
  9.672  0.115E+01
  9.682  0.116E+01
  9.692  0.116E+01
  9.702  0.117E+01
  9.712  0.117E+01
  9.722  0.118E+01
  9.732  0.117E+01
  9.742  0.117E+01
  9.752  0.117E+01
  9.762  0.117E+01
  9.772  0.116E+01
  9.782  0.117E+01
  9.792  0.118E+01
  9.802  0.119E+01
  9.812  0.119E+01
  9.822  0.119E+01
  9.832  0.119E+01
  9.842  0.119E+01
  9.852  0.119E+01
  9.862  0.118E+01
  9.872  0.118E+01
  9.882  0.117E+01
  9.892  0.117E+01
  9.902  0.116E+01
  9.912  0.115E+01
  9.922  0.114E+01
  9.932  0.113E+01
  9.942  0.112E+01
  9.952  0.110E+01
  9.962  0.109E+01
  9.972  0.107E+01
  9.982  0.104E+01
  9.992  0.101E+01
 10.002  0.976E+00
 10.012  0.942E+00
 10.022  0.912E+00
 10.032  0.886E+00
 10.042  0.864E+00
 10.052  0.844E+00
 10.062  0.822E+00
 10.072  0.803E+00
 10.082  0.786E+00
 10.092  0.770E+00
 10.102  0.754E+00
 10.112  0.744E+00
 10.122  0.736E+00
 10.132  0.728E+00
 10.142  0.722E+00
 10.152  0.716E+00
 10.162  0.710E+00
 10.172  0.704E+00
 10.182  0.698E+00
 10.192  0.694E+00
 10.202  0.689E+00
 10.212  0.684E+00
 10.222  0.681E+00
 10.232  0.678E+00
 10.242  0.674E+00
 10.252  0.672E+00
 10.262  0.670E+00
 10.272  0.668E+00
 10.282  0.667E+00
 10.292  0.670E+00
 10.302  0.672E+00
 10.312  0.676E+00
 10.322  0.679E+00
 10.332  0.686E+00
 10.342  0.706E+00
 10.352  0.738E+00
 10.362  0.740E+00
 10.372  0.735E+00
 10.382  0.731E+00
 10.392  0.728E+00
 10.402  0.726E+00
 10.412  0.725E+00
 10.422  0.726E+00
 10.432  0.728E+00
 10.442  0.730E+00
 10.452  0.734E+00
 10.462  0.738E+00
 10.472  0.740E+00
 10.482  0.744E+00
 10.492  0.746E+00
 10.502  0.748E+00
 10.512  0.748E+00
 10.522  0.748E+00
 10.532  0.744E+00
 10.542  0.738E+00
 10.552  0.728E+00
 10.562  0.716E+00
 10.572  0.706E+00
 10.582  0.694E+00
 10.592  0.684E+00
 10.602  0.676E+00
 10.612  0.666E+00
 10.622  0.658E+00
 10.632  0.652E+00
 10.642  0.646E+00
 10.652  0.640E+00
 10.662  0.636E+00
 10.672  0.634E+00
 10.682  0.630E+00
 10.692  0.628E+00
 10.702  0.628E+00
 10.712  0.632E+00
 10.722  0.638E+00
 10.732  0.650E+00
 10.742  0.662E+00
 10.752  0.678E+00
 10.762  0.694E+00
 10.772  0.690E+00
 10.782  0.678E+00
 10.792  0.670E+00
 10.802  0.668E+00
 10.812  0.668E+00
 10.822  0.668E+00
 10.832  0.668E+00
 10.842  0.668E+00
 10.852  0.668E+00
 10.862  0.670E+00
 10.872  0.672E+00
 10.882  0.676E+00
 10.892  0.682E+00
 10.902  0.694E+00
 10.912  0.710E+00
 10.922  0.730E+00
 10.932  0.754E+00
 10.942  0.772E+00
 10.952  0.784E+00
 10.962  0.792E+00
 10.972  0.790E+00
 10.982  0.776E+00
 10.992  0.750E+00
 11.002  0.718E+00
 11.012  0.696E+00
 11.022  0.682E+00
 11.032  0.669E+00
 11.042  0.656E+00
 11.052  0.646E+00
 11.062  0.635E+00
 11.072  0.633E+00
 11.082  0.639E+00
 11.092  0.661E+00
 11.102  0.671E+00
 11.112  0.664E+00
 11.122  0.640E+00
 11.132  0.621E+00
 11.142  0.623E+00
 11.152  0.625E+00
 11.162  0.625E+00
 11.172  0.623E+00
 11.182  0.621E+00
 11.192  0.619E+00
 11.202  0.617E+00
 11.212  0.615E+00
 11.222  0.615E+00
 11.232  0.615E+00
 11.242  0.617E+00
 11.252  0.619E+00
 11.262  0.622E+00
 11.272  0.624E+00
 11.282  0.626E+00
 11.292  0.628E+00
 11.302  0.629E+00
 11.312  0.630E+00
 11.322  0.630E+00
 11.332  0.630E+00
 11.342  0.630E+00
 11.352  0.628E+00
 11.362  0.627E+00
 11.372  0.624E+00
 11.382  0.622E+00
 11.392  0.618E+00
 11.402  0.614E+00
 11.412  0.609E+00
 11.422  0.604E+00
 11.432  0.599E+00
 11.442  0.596E+00
 11.452  0.593E+00
 11.462  0.589E+00
 11.472  0.587E+00
 11.482  0.583E+00
 11.492  0.581E+00
 11.502  0.577E+00
 11.512  0.575E+00
 11.522  0.575E+00
 11.532  0.573E+00
 11.542  0.573E+00
 11.552  0.573E+00
 11.562  0.572E+00
 11.572  0.572E+00
 11.582  0.572E+00
 11.592  0.572E+00
 11.602  0.572E+00
 11.612  0.572E+00
 11.622  0.572E+00
 11.632  0.572E+00
 11.642  0.573E+00
 11.652  0.574E+00
 11.662  0.574E+00
 11.672  0.576E+00
 11.682  0.579E+00
 11.692  0.582E+00
 11.702  0.586E+00
 11.712  0.590E+00
 11.722  0.596E+00
 11.732  0.602E+00
 11.742  0.610E+00
 11.752  0.618E+00
 11.762  0.628E+00
 11.772  0.638E+00
 11.782  0.648E+00
 11.792  0.660E+00
 11.802  0.666E+00
 11.812  0.666E+00
 11.822  0.662E+00
 11.832  0.650E+00
 11.842  0.640E+00
 11.852  0.634E+00
 11.862  0.610E+00
 11.872  0.596E+00
 11.882  0.594E+00
 11.892  0.594E+00
 11.902  0.592E+00
 11.912  0.590E+00
 11.922  0.588E+00
 11.932  0.584E+00
 11.942  0.580E+00
 11.952  0.575E+00
 11.962  0.571E+00
 11.972  0.573E+00
 11.982  0.585E+00
 11.992  0.605E+00
 12.002  0.633E+00
 12.012  0.635E+00
 12.022  0.593E+00
 12.032  0.571E+00
 12.042  0.553E+00
 12.052  0.541E+00
 12.062  0.533E+00
 12.072  0.530E+00
 12.082  0.531E+00
 12.092  0.536E+00
 12.102  0.544E+00
 12.112  0.548E+00
 12.122  0.549E+00
 12.132  0.536E+00
 12.142  0.522E+00
 12.152  0.508E+00
 12.162  0.496E+00
 12.172  0.486E+00
 12.182  0.480E+00
 12.192  0.474E+00
 12.202  0.468E+00
 12.212  0.466E+00
 12.222  0.462E+00
 12.232  0.460E+00
 12.242  0.460E+00
 12.252  0.458E+00
 12.262  0.456E+00
 12.272  0.454E+00
 12.282  0.454E+00
 12.292  0.454E+00
 12.302  0.454E+00
 12.312  0.454E+00
 12.322  0.456E+00
 12.332  0.456E+00
 12.342  0.458E+00
 12.352  0.458E+00
 12.362  0.460E+00
 12.372  0.460E+00
 12.382  0.460E+00
 12.392  0.458E+00
 12.402  0.458E+00
 12.412  0.457E+00
 12.422  0.456E+00
 12.432  0.454E+00
 12.442  0.452E+00
 12.452  0.450E+00
 12.462  0.446E+00
 12.472  0.444E+00
 12.482  0.440E+00
 12.492  0.438E+00
 12.502  0.436E+00
 12.512  0.434E+00
 12.522  0.434E+00
 12.532  0.432E+00
 12.542  0.432E+00
 12.552  0.430E+00
 12.562  0.430E+00
 12.572  0.428E+00
 12.582  0.428E+00
 12.592  0.428E+00
 12.602  0.428E+00
 12.612  0.430E+00
 12.622  0.430E+00
 12.632  0.432E+00
 12.642  0.432E+00
 12.652  0.434E+00
 12.662  0.434E+00
 12.672  0.436E+00
 12.682  0.438E+00
 12.692  0.438E+00
 12.702  0.440E+00
 12.712  0.440E+00
 12.722  0.442E+00
 12.732  0.444E+00
 12.742  0.446E+00
 12.752  0.448E+00
 12.762  0.452E+00
 12.772  0.454E+00
 12.782  0.456E+00
 12.792  0.460E+00
 12.802  0.462E+00
 12.812  0.464E+00
 12.822  0.468E+00
 12.832  0.470E+00
 12.842  0.473E+00
 12.852  0.476E+00
 12.862  0.478E+00
 12.872  0.482E+00
 12.882  0.484E+00
 12.892  0.487E+00
 12.902  0.490E+00
 12.912  0.492E+00
 12.922  0.494E+00
 12.932  0.494E+00
 12.942  0.492E+00
 12.952  0.490E+00
 12.962  0.486E+00
 12.972  0.483E+00
 12.982  0.479E+00
 12.992  0.474E+00
 13.002  0.470E+00
 13.012  0.464E+00
 13.022  0.458E+00
 13.032  0.452E+00
 13.042  0.444E+00
 13.052  0.434E+00
 13.062  0.428E+00
 13.072  0.427E+00
 13.082  0.428E+00
 13.092  0.430E+00
 13.102  0.428E+00
 13.112  0.428E+00
 13.122  0.426E+00
 13.132  0.426E+00
 13.142  0.424E+00
 13.152  0.424E+00
 13.162  0.424E+00
 13.172  0.422E+00
 13.182  0.422E+00
 13.192  0.420E+00
 13.202  0.414E+00
 13.212  0.394E+00
 13.222  0.386E+00
 13.232  0.386E+00
 13.242  0.382E+00
 13.252  0.374E+00
 13.262  0.366E+00
 13.272  0.360E+00
 13.282  0.356E+00
 13.292  0.352E+00
 13.302  0.348E+00
 13.312  0.344E+00
 13.322  0.340E+00
 13.332  0.336E+00
 13.342  0.334E+00
 13.352  0.328E+00
 13.362  0.324E+00
 13.372  0.320E+00
 13.382  0.316E+00
 13.392  0.312E+00
 13.402  0.310E+00
 13.412  0.306E+00
 13.422  0.302E+00
 13.432  0.300E+00
 13.442  0.296E+00
 13.452  0.294E+00
 13.462  0.292E+00
 13.472  0.288E+00
 13.482  0.286E+00
 13.492  0.284E+00
 13.502  0.282E+00
 13.512  0.280E+00
 13.522  0.278E+00
 13.532  0.278E+00
 13.542  0.276E+00
 13.552  0.274E+00
 13.562  0.272E+00
 13.572  0.270E+00
 13.582  0.270E+00
 13.592  0.268E+00
 13.602  0.266E+00
 13.612  0.266E+00
 13.622  0.264E+00
 13.632  0.264E+00
 13.642  0.262E+00
 13.652  0.262E+00
 13.662  0.262E+00
 13.672  0.262E+00
 13.682  0.262E+00
 13.692  0.264E+00
 13.702  0.266E+00
 13.712  0.270E+00
 13.722  0.274E+00
 13.732  0.278E+00
 13.742  0.282E+00
 13.752  0.284E+00
 13.762  0.284E+00
 13.772  0.284E+00
 13.782  0.284E+00
 13.792  0.282E+00
 13.802  0.280E+00
 13.812  0.276E+00
 13.822  0.270E+00
 13.832  0.266E+00
 13.842  0.260E+00
 13.852  0.256E+00
 13.862  0.252E+00
 13.872  0.246E+00
 13.882  0.244E+00
 13.892  0.240E+00
 13.902  0.238E+00
 13.912  0.234E+00
 13.922  0.232E+00
 13.932  0.230E+00
 13.942  0.228E+00
 13.952  0.226E+00
 13.962  0.224E+00
 13.972  0.220E+00
 13.982  0.218E+00
 13.992  0.216E+00
 14.002  0.212E+00
 14.012  0.210E+00
 14.022  0.206E+00
 14.032  0.204E+00
 14.042  0.200E+00
 14.052  0.198E+00
 14.062  0.195E+00
 14.072  0.192E+00
 14.082  0.189E+00
 14.092  0.186E+00
 14.102  0.183E+00
 14.112  0.180E+00
 14.122  0.178E+00
 14.132  0.176E+00
 14.142  0.173E+00
 14.152  0.172E+00
 14.162  0.170E+00
 14.172  0.168E+00
 14.182  0.166E+00
 14.192  0.165E+00
 14.202  0.164E+00
 14.212  0.162E+00
 14.222  0.161E+00
 14.232  0.160E+00
 14.242  0.159E+00
 14.252  0.158E+00
 14.262  0.156E+00
 14.272  0.154E+00
 14.282  0.153E+00
 14.292  0.151E+00
 14.302  0.149E+00
 14.312  0.147E+00
 14.322  0.144E+00
 14.332  0.143E+00
 14.342  0.141E+00
 14.352  0.140E+00
 14.362  0.139E+00
 14.372  0.138E+00
 14.382  0.137E+00
 14.392  0.136E+00
 14.402  0.135E+00
 14.412  0.134E+00
 14.422  0.134E+00
 14.432  0.136E+00
 14.442  0.139E+00
 14.452  0.141E+00
 14.462  0.140E+00
 14.472  0.138E+00
 14.482  0.137E+00
 14.492  0.135E+00
 14.502  0.134E+00
 14.512  0.132E+00
 14.522  0.131E+00
 14.532  0.129E+00
 14.542  0.128E+00
 14.552  0.126E+00
 14.562  0.125E+00
 14.572  0.123E+00
 14.582  0.122E+00
 14.592  0.120E+00
 14.602  0.119E+00
 14.612  0.118E+00
 14.622  0.116E+00
 14.632  0.115E+00
 14.642  0.114E+00
 14.652  0.112E+00
 14.662  0.111E+00
 14.672  0.110E+00
 14.682  0.109E+00
 14.692  0.107E+00
 14.702  0.106E+00
 14.712  0.105E+00
 14.722  0.104E+00
 14.732  0.103E+00
 14.742  0.101E+00
 14.752  0.100E+00
 14.762  0.990E-01
 14.772  0.980E-01
 14.782  0.968E-01
 14.792  0.958E-01
 14.802  0.946E-01
 14.812  0.936E-01
 14.822  0.926E-01
 14.832  0.915E-01
 14.842  0.905E-01
 14.852  0.895E-01
 14.862  0.885E-01
 14.872  0.876E-01
 14.882  0.866E-01
 14.892  0.856E-01
 14.902  0.848E-01
 14.912  0.838E-01
 14.922  0.830E-01
 14.932  0.821E-01
 14.942  0.812E-01
 14.952  0.804E-01
 14.962  0.796E-01
 14.972  0.787E-01
 14.982  0.780E-01
 14.992  0.772E-01
 15.002  0.764E-01
 15.012  0.756E-01
 15.022  0.749E-01
 15.032  0.742E-01
 15.042  0.736E-01
 15.052  0.729E-01
 15.062  0.723E-01
 15.072  0.718E-01
 15.082  0.712E-01
 15.092  0.708E-01
 15.102  0.703E-01
 15.112  0.698E-01
 15.122  0.695E-01
 15.132  0.691E-01
 15.142  0.688E-01
 15.152  0.685E-01
 15.162  0.683E-01
 15.172  0.681E-01
 15.182  0.680E-01
 15.192  0.678E-01
 15.202  0.678E-01
 15.212  0.678E-01
 15.222  0.678E-01
 15.232  0.679E-01
 15.242  0.680E-01
 15.252  0.682E-01
 15.262  0.683E-01
 15.272  0.684E-01
 15.282  0.686E-01
 15.292  0.688E-01
 15.302  0.690E-01
 15.312  0.693E-01
 15.322  0.698E-01
 15.332  0.702E-01
 15.342  0.706E-01
 15.352  0.709E-01
 15.362  0.711E-01
 15.372  0.713E-01
 15.382  0.715E-01
 15.392  0.715E-01
 15.402  0.715E-01
 15.412  0.714E-01
 15.422  0.713E-01
 15.432  0.711E-01
 15.442  0.707E-01
 15.452  0.705E-01
 15.462  0.701E-01
 15.472  0.695E-01
 15.482  0.691E-01
 15.492  0.685E-01
 15.502  0.680E-01
 15.512  0.676E-01
 15.522  0.673E-01
 15.532  0.666E-01
 15.542  0.650E-01
 15.552  0.629E-01
 15.562  0.601E-01
 15.572  0.565E-01
 15.582  0.522E-01
 15.592  0.473E-01
 15.602  0.416E-01
 15.612  0.354E-01
 15.622  0.294E-01
 15.632  0.285E-01
 15.642  0.276E-01
 15.652  0.268E-01
 15.662  0.260E-01
 15.672  0.250E-01
 15.682  0.242E-01
 15.692  0.234E-01
 15.702  0.226E-01
 15.712  0.218E-01
 15.722  0.210E-01
 15.732  0.202E-01
 15.742  0.194E-01
 15.752  0.187E-01
 15.762  0.179E-01
 15.772  0.172E-01
 15.782  0.164E-01
 15.792  0.157E-01
 15.802  0.150E-01
 15.812  0.143E-01
 15.822  0.136E-01
 15.832  0.130E-01
 15.842  0.123E-01
 15.852  0.117E-01
 15.862  0.111E-01
 15.872  0.104E-01
 15.882  0.985E-02
 15.892  0.926E-02
 15.902  0.870E-02
 15.912  0.814E-02
 15.922  0.761E-02
 15.932  0.709E-02
 15.942  0.658E-02
 15.952  0.610E-02
 15.962  0.562E-02
 15.972  0.517E-02
 15.982  0.474E-02
 15.992  0.432E-02
 16.002  0.391E-02
 16.012  0.352E-02
 16.022  0.316E-02
 16.032  0.282E-02
 16.042  0.248E-02
 16.052  0.218E-02
 16.062  0.188E-02
 16.072  0.161E-02
 16.082  0.136E-02
 16.092  0.113E-02
 16.102  0.922E-03
 16.112  0.734E-03
 16.122  0.566E-03
 16.132  0.418E-03
 16.142  0.294E-03
 16.152  0.190E-03
 16.162  0.108E-03
 16.172  0.496E-04
 16.182  0.133E-04
 16.192  0.624E-07
 16.202  0.000E+00
