#  E (eV)   dos(E)     Int dos(E) EFermi =    6.554 eV
  -5.838  0.0000E+00  0.0000E+00
  -5.828  0.1377E-02  0.4591E-05
  -5.818  0.5509E-02  0.3673E-04
  -5.808  0.1240E-01  0.1240E-03
  -5.798  0.2204E-01  0.2938E-03
  -5.788  0.3443E-01  0.5739E-03
  -5.778  0.1029E+00  0.1301E-02
  -5.768  0.6454E-01  0.2179E-02
  -5.758  0.7091E-01  0.2856E-02
  -5.748  0.7752E-01  0.3598E-02
  -5.738  0.8435E-01  0.4407E-02
  -5.728  0.9142E-01  0.5286E-02
  -5.718  0.9873E-01  0.6237E-02
  -5.708  0.1063E+00  0.7261E-02
  -5.698  0.1155E+00  0.8365E-02
  -5.688  0.1264E+00  0.9577E-02
  -5.678  0.1349E+00  0.1089E-01
  -5.668  0.1411E+00  0.1227E-01
  -5.658  0.1450E+00  0.1370E-01
  -5.648  0.1438E+00  0.1516E-01
  -5.638  0.1377E+00  0.1656E-01
  -5.628  0.1405E+00  0.1794E-01
  -5.618  0.1445E+00  0.1937E-01
  -5.608  0.1488E+00  0.2083E-01
  -5.598  0.1532E+00  0.2234E-01
  -5.588  0.1579E+00  0.2390E-01
  -5.578  0.1628E+00  0.2550E-01
  -5.568  0.1679E+00  0.2716E-01
  -5.558  0.1731E+00  0.2886E-01
  -5.548  0.1784E+00  0.3062E-01
  -5.538  0.1837E+00  0.3243E-01
  -5.528  0.1891E+00  0.3429E-01
  -5.518  0.1944E+00  0.3621E-01
  -5.508  0.1983E+00  0.3818E-01
  -5.498  0.1989E+00  0.4017E-01
  -5.488  0.2013E+00  0.4217E-01
  -5.478  0.2038E+00  0.4419E-01
  -5.468  0.2062E+00  0.4624E-01
  -5.458  0.2084E+00  0.4831E-01
  -5.448  0.2105E+00  0.5041E-01
  -5.438  0.2125E+00  0.5252E-01
  -5.428  0.2141E+00  0.5466E-01
  -5.418  0.2150E+00  0.5680E-01
  -5.408  0.2166E+00  0.5896E-01
  -5.398  0.2188E+00  0.6114E-01
  -5.388  0.2216E+00  0.6334E-01
  -5.378  0.2250E+00  0.6557E-01
  -5.368  0.2289E+00  0.6784E-01
  -5.358  0.2328E+00  0.7015E-01
  -5.348  0.2368E+00  0.7250E-01
  -5.338  0.2408E+00  0.7489E-01
  -5.328  0.2449E+00  0.7731E-01
  -5.318  0.2490E+00  0.7978E-01
  -5.308  0.2532E+00  0.8230E-01
  -5.298  0.2574E+00  0.8485E-01
  -5.288  0.2613E+00  0.8744E-01
  -5.278  0.2643E+00  0.9007E-01
  -5.268  0.2664E+00  0.9272E-01
  -5.258  0.2676E+00  0.9539E-01
  -5.248  0.2679E+00  0.9807E-01
  -5.238  0.2679E+00  0.1007E+00
  -5.228  0.2706E+00  0.1034E+00
  -5.218  0.2727E+00  0.1062E+00
  -5.208  0.2749E+00  0.1089E+00
  -5.198  0.2770E+00  0.1117E+00
  -5.188  0.2792E+00  0.1144E+00
  -5.178  0.2813E+00  0.1172E+00
  -5.168  0.2835E+00  0.1201E+00
  -5.158  0.2857E+00  0.1229E+00
  -5.148  0.2878E+00  0.1258E+00
  -5.138  0.2899E+00  0.1287E+00
  -5.128  0.2919E+00  0.1316E+00
  -5.118  0.2938E+00  0.1345E+00
  -5.108  0.2956E+00  0.1375E+00
  -5.098  0.2979E+00  0.1404E+00
  -5.088  0.3006E+00  0.1434E+00
  -5.078  0.3034E+00  0.1464E+00
  -5.068  0.3063E+00  0.1495E+00
  -5.058  0.3094E+00  0.1526E+00
  -5.048  0.3125E+00  0.1557E+00
  -5.038  0.3158E+00  0.1588E+00
  -5.028  0.3192E+00  0.1620E+00
  -5.018  0.3226E+00  0.1652E+00
  -5.008  0.3261E+00  0.1684E+00
  -4.998  0.3296E+00  0.1717E+00
  -4.988  0.3331E+00  0.1750E+00
  -4.978  0.3358E+00  0.1784E+00
  -4.968  0.3368E+00  0.1817E+00
  -4.958  0.3380E+00  0.1851E+00
  -4.948  0.3397E+00  0.1885E+00
  -4.938  0.3412E+00  0.1919E+00
  -4.928  0.3426E+00  0.1953E+00
  -4.918  0.3439E+00  0.1988E+00
  -4.908  0.3450E+00  0.2022E+00
  -4.898  0.3461E+00  0.2057E+00
  -4.888  0.3476E+00  0.2091E+00
  -4.878  0.3494E+00  0.2126E+00
  -4.868  0.3515E+00  0.2161E+00
  -4.858  0.3540E+00  0.2196E+00
  -4.848  0.3563E+00  0.2232E+00
  -4.838  0.3585E+00  0.2268E+00
  -4.828  0.3607E+00  0.2304E+00
  -4.818  0.3630E+00  0.2340E+00
  -4.808  0.3652E+00  0.2376E+00
  -4.798  0.3674E+00  0.2413E+00
  -4.788  0.3696E+00  0.2450E+00
  -4.778  0.3718E+00  0.2487E+00
  -4.768  0.3740E+00  0.2524E+00
  -4.758  0.3762E+00  0.2562E+00
  -4.748  0.3783E+00  0.2599E+00
  -4.738  0.3805E+00  0.2637E+00
  -4.728  0.3827E+00  0.2675E+00
  -4.718  0.3849E+00  0.2714E+00
  -4.708  0.3875E+00  0.2752E+00
  -4.698  0.3902E+00  0.2791E+00
  -4.688  0.3929E+00  0.2830E+00
  -4.678  0.3957E+00  0.2870E+00
  -4.668  0.3985E+00  0.2910E+00
  -4.658  0.4015E+00  0.2950E+00
  -4.648  0.4045E+00  0.2990E+00
  -4.638  0.4076E+00  0.3030E+00
  -4.628  0.4104E+00  0.3071E+00
  -4.618  0.4129E+00  0.3113E+00
  -4.608  0.4151E+00  0.3154E+00
  -4.598  0.4168E+00  0.3196E+00
  -4.588  0.4176E+00  0.3237E+00
  -4.578  0.4193E+00  0.3279E+00
  -4.568  0.4212E+00  0.3321E+00
  -4.558  0.4231E+00  0.3363E+00
  -4.548  0.4249E+00  0.3406E+00
  -4.538  0.4267E+00  0.3448E+00
  -4.528  0.4284E+00  0.3491E+00
  -4.518  0.4301E+00  0.3534E+00
  -4.508  0.4318E+00  0.3577E+00
  -4.498  0.4334E+00  0.3620E+00
  -4.488  0.4349E+00  0.3664E+00
  -4.478  0.4364E+00  0.3707E+00
  -4.468  0.4385E+00  0.3751E+00
  -4.458  0.4408E+00  0.3795E+00
  -4.448  0.4432E+00  0.3839E+00
  -4.438  0.4456E+00  0.3884E+00
  -4.428  0.4481E+00  0.3928E+00
  -4.418  0.4506E+00  0.3973E+00
  -4.408  0.4531E+00  0.4018E+00
  -4.398  0.4556E+00  0.4064E+00
  -4.388  0.4580E+00  0.4110E+00
  -4.378  0.4604E+00  0.4156E+00
  -4.368  0.4629E+00  0.4202E+00
  -4.358  0.4654E+00  0.4248E+00
  -4.348  0.4679E+00  0.4295E+00
  -4.338  0.4704E+00  0.4342E+00
  -4.328  0.4729E+00  0.4389E+00
  -4.318  0.4754E+00  0.4436E+00
  -4.308  0.4779E+00  0.4484E+00
  -4.298  0.4804E+00  0.4532E+00
  -4.288  0.4829E+00  0.4580E+00
  -4.278  0.4855E+00  0.4628E+00
  -4.268  0.4880E+00  0.4677E+00
  -4.258  0.4909E+00  0.4726E+00
  -4.248  0.4938E+00  0.4775E+00
  -4.238  0.4968E+00  0.4825E+00
  -4.228  0.4999E+00  0.4875E+00
  -4.218  0.5027E+00  0.4925E+00
  -4.208  0.5050E+00  0.4975E+00
  -4.198  0.5071E+00  0.5026E+00
  -4.188  0.5096E+00  0.5077E+00
  -4.178  0.5120E+00  0.5128E+00
  -4.168  0.5144E+00  0.5179E+00
  -4.158  0.5168E+00  0.5231E+00
  -4.148  0.5191E+00  0.5282E+00
  -4.138  0.5213E+00  0.5334E+00
  -4.128  0.5236E+00  0.5387E+00
  -4.118  0.5261E+00  0.5439E+00
  -4.108  0.5286E+00  0.5492E+00
  -4.098  0.5311E+00  0.5545E+00
  -4.088  0.5336E+00  0.5598E+00
  -4.078  0.5361E+00  0.5652E+00
  -4.068  0.5386E+00  0.5705E+00
  -4.058  0.5412E+00  0.5759E+00
  -4.048  0.5437E+00  0.5813E+00
  -4.038  0.5462E+00  0.5868E+00
  -4.028  0.5486E+00  0.5923E+00
  -4.018  0.5511E+00  0.5978E+00
  -4.008  0.5535E+00  0.6033E+00
  -3.998  0.5566E+00  0.6088E+00
  -3.988  0.5602E+00  0.6144E+00
  -3.978  0.5635E+00  0.6200E+00
  -3.968  0.5668E+00  0.6257E+00
  -3.958  0.5702E+00  0.6314E+00
  -3.948  0.5737E+00  0.6371E+00
  -3.938  0.5774E+00  0.6429E+00
  -3.928  0.5809E+00  0.6486E+00
  -3.918  0.5844E+00  0.6545E+00
  -3.908  0.5880E+00  0.6603E+00
  -3.898  0.5916E+00  0.6662E+00
  -3.888  0.5953E+00  0.6722E+00
  -3.878  0.5990E+00  0.6781E+00
  -3.868  0.6028E+00  0.6841E+00
  -3.858  0.6065E+00  0.6902E+00
  -3.848  0.6104E+00  0.6963E+00
  -3.838  0.6142E+00  0.7024E+00
  -3.828  0.6181E+00  0.7086E+00
  -3.818  0.6220E+00  0.7148E+00
  -3.808  0.6260E+00  0.7210E+00
  -3.798  0.6300E+00  0.7273E+00
  -3.788  0.6343E+00  0.7336E+00
  -3.778  0.6389E+00  0.7400E+00
  -3.768  0.6435E+00  0.7464E+00
  -3.758  0.6481E+00  0.7528E+00
  -3.748  0.6527E+00  0.7593E+00
  -3.738  0.6573E+00  0.7659E+00
  -3.728  0.6625E+00  0.7725E+00
  -3.718  0.6678E+00  0.7791E+00
  -3.708  0.6733E+00  0.7858E+00
  -3.698  0.6789E+00  0.7926E+00
  -3.688  0.6847E+00  0.7994E+00
  -3.678  0.6908E+00  0.8063E+00
  -3.668  0.6970E+00  0.8132E+00
  -3.658  0.7036E+00  0.8202E+00
  -3.648  0.7105E+00  0.8273E+00
  -3.638  0.7177E+00  0.8345E+00
  -3.628  0.7252E+00  0.8417E+00
  -3.618  0.7330E+00  0.8490E+00
  -3.608  0.7411E+00  0.8563E+00
  -3.598  0.7494E+00  0.8638E+00
  -3.588  0.7579E+00  0.8713E+00
  -3.578  0.7667E+00  0.8789E+00
  -3.568  0.7758E+00  0.8867E+00
  -3.558  0.7893E+00  0.8945E+00
  -3.548  0.8211E+00  0.9025E+00
  -3.538  0.8500E+00  0.9109E+00
  -3.528  0.8677E+00  0.9195E+00
  -3.518  0.8825E+00  0.9282E+00
  -3.508  0.8942E+00  0.9371E+00
  -3.498  0.9028E+00  0.9461E+00
  -3.488  0.9068E+00  0.9552E+00
  -3.478  0.8974E+00  0.9642E+00
  -3.468  0.8838E+00  0.9731E+00
  -3.458  0.8809E+00  0.9819E+00
  -3.448  0.8783E+00  0.9907E+00
  -3.438  0.8762E+00  0.9995E+00
  -3.428  0.8744E+00  0.1008E+01
  -3.418  0.8730E+00  0.1017E+01
  -3.408  0.8721E+00  0.1026E+01
  -3.398  0.8712E+00  0.1034E+01
  -3.388  0.8702E+00  0.1043E+01
  -3.378  0.8689E+00  0.1052E+01
  -3.368  0.8676E+00  0.1060E+01
  -3.358  0.8661E+00  0.1069E+01
  -3.348  0.8581E+00  0.1078E+01
  -3.338  0.8545E+00  0.1086E+01
  -3.328  0.8539E+00  0.1095E+01
  -3.318  0.8524E+00  0.1103E+01
  -3.308  0.8503E+00  0.1112E+01
  -3.298  0.8497E+00  0.1120E+01
  -3.288  0.8537E+00  0.1129E+01
  -3.278  0.8624E+00  0.1138E+01
  -3.268  0.8571E+00  0.1146E+01
  -3.258  0.8495E+00  0.1155E+01
  -3.248  0.8425E+00  0.1163E+01
  -3.238  0.8360E+00  0.1172E+01
  -3.228  0.8302E+00  0.1180E+01
  -3.218  0.8249E+00  0.1188E+01
  -3.208  0.8202E+00  0.1196E+01
  -3.198  0.8155E+00  0.1205E+01
  -3.188  0.8100E+00  0.1213E+01
  -3.178  0.8049E+00  0.1221E+01
  -3.168  0.8001E+00  0.1229E+01
  -3.158  0.7954E+00  0.1237E+01
  -3.148  0.7911E+00  0.1245E+01
  -3.138  0.7870E+00  0.1253E+01
  -3.128  0.7831E+00  0.1260E+01
  -3.118  0.7796E+00  0.1268E+01
  -3.108  0.7763E+00  0.1276E+01
  -3.098  0.7733E+00  0.1284E+01
  -3.088  0.7706E+00  0.1291E+01
  -3.078  0.7682E+00  0.1299E+01
  -3.068  0.7656E+00  0.1307E+01
  -3.058  0.7629E+00  0.1314E+01
  -3.048  0.7600E+00  0.1322E+01
  -3.038  0.7571E+00  0.1330E+01
  -3.028  0.7540E+00  0.1337E+01
  -3.018  0.7509E+00  0.1345E+01
  -3.008  0.7476E+00  0.1352E+01
  -2.998  0.7443E+00  0.1360E+01
  -2.988  0.7410E+00  0.1367E+01
  -2.978  0.7377E+00  0.1375E+01
  -2.968  0.7344E+00  0.1382E+01
  -2.958  0.7311E+00  0.1389E+01
  -2.948  0.7284E+00  0.1396E+01
  -2.938  0.7256E+00  0.1404E+01
  -2.928  0.7196E+00  0.1411E+01
  -2.918  0.7146E+00  0.1418E+01
  -2.908  0.7104E+00  0.1425E+01
  -2.898  0.7070E+00  0.1432E+01
  -2.888  0.7042E+00  0.1439E+01
  -2.878  0.7019E+00  0.1446E+01
  -2.868  0.7002E+00  0.1453E+01
  -2.858  0.6990E+00  0.1460E+01
  -2.848  0.6982E+00  0.1467E+01
  -2.838  0.6975E+00  0.1474E+01
  -2.828  0.6962E+00  0.1481E+01
  -2.818  0.6920E+00  0.1488E+01
  -2.808  0.6873E+00  0.1495E+01
  -2.798  0.6826E+00  0.1502E+01
  -2.788  0.6782E+00  0.1509E+01
  -2.778  0.6745E+00  0.1516E+01
  -2.768  0.6713E+00  0.1522E+01
  -2.758  0.6683E+00  0.1529E+01
  -2.748  0.6648E+00  0.1536E+01
  -2.738  0.6611E+00  0.1542E+01
  -2.728  0.6574E+00  0.1549E+01
  -2.718  0.6534E+00  0.1556E+01
  -2.708  0.6494E+00  0.1562E+01
  -2.698  0.6453E+00  0.1569E+01
  -2.688  0.6412E+00  0.1575E+01
  -2.678  0.6372E+00  0.1581E+01
  -2.668  0.6331E+00  0.1588E+01
  -2.658  0.6289E+00  0.1594E+01
  -2.648  0.6249E+00  0.1600E+01
  -2.638  0.6210E+00  0.1606E+01
  -2.628  0.6171E+00  0.1613E+01
  -2.618  0.6134E+00  0.1619E+01
  -2.608  0.6097E+00  0.1625E+01
  -2.598  0.6061E+00  0.1631E+01
  -2.588  0.6027E+00  0.1637E+01
  -2.578  0.5993E+00  0.1643E+01
  -2.568  0.5958E+00  0.1649E+01
  -2.558  0.5917E+00  0.1655E+01
  -2.548  0.5882E+00  0.1661E+01
  -2.538  0.5849E+00  0.1667E+01
  -2.528  0.5816E+00  0.1673E+01
  -2.518  0.5784E+00  0.1678E+01
  -2.508  0.5752E+00  0.1684E+01
  -2.498  0.5721E+00  0.1690E+01
  -2.488  0.5691E+00  0.1696E+01
  -2.478  0.5662E+00  0.1701E+01
  -2.468  0.5745E+00  0.1707E+01
  -2.458  0.5705E+00  0.1713E+01
  -2.448  0.5669E+00  0.1718E+01
  -2.438  0.5635E+00  0.1724E+01
  -2.428  0.5604E+00  0.1730E+01
  -2.418  0.5574E+00  0.1735E+01
  -2.408  0.5546E+00  0.1741E+01
  -2.398  0.5520E+00  0.1746E+01
  -2.388  0.5493E+00  0.1752E+01
  -2.378  0.5468E+00  0.1757E+01
  -2.368  0.5454E+00  0.1763E+01
  -2.358  0.5454E+00  0.1768E+01
  -2.348  0.5435E+00  0.1774E+01
  -2.338  0.5350E+00  0.1779E+01
  -2.328  0.5263E+00  0.1784E+01
  -2.318  0.5222E+00  0.1790E+01
  -2.308  0.5181E+00  0.1795E+01
  -2.298  0.5145E+00  0.1800E+01
  -2.288  0.5116E+00  0.1805E+01
  -2.278  0.5090E+00  0.1810E+01
  -2.268  0.5065E+00  0.1815E+01
  -2.258  0.5041E+00  0.1820E+01
  -2.248  0.5018E+00  0.1825E+01
  -2.238  0.4996E+00  0.1830E+01
  -2.228  0.4976E+00  0.1835E+01
  -2.218  0.4956E+00  0.1840E+01
  -2.208  0.4938E+00  0.1845E+01
  -2.198  0.4921E+00  0.1850E+01
  -2.188  0.4905E+00  0.1855E+01
  -2.178  0.4890E+00  0.1860E+01
  -2.168  0.4854E+00  0.1865E+01
  -2.158  0.4812E+00  0.1870E+01
  -2.148  0.4773E+00  0.1875E+01
  -2.138  0.4733E+00  0.1879E+01
  -2.128  0.4693E+00  0.1884E+01
  -2.118  0.4654E+00  0.1889E+01
  -2.108  0.4617E+00  0.1893E+01
  -2.098  0.4576E+00  0.1898E+01
  -2.088  0.4585E+00  0.1902E+01
  -2.078  0.4528E+00  0.1907E+01
  -2.068  0.4465E+00  0.1912E+01
  -2.058  0.4397E+00  0.1916E+01
  -2.048  0.4324E+00  0.1920E+01
  -2.038  0.4246E+00  0.1925E+01
  -2.028  0.4163E+00  0.1929E+01
  -2.018  0.4075E+00  0.1933E+01
  -2.008  0.3983E+00  0.1937E+01
  -1.998  0.3879E+00  0.1941E+01
  -1.988  0.3757E+00  0.1945E+01
  -1.978  0.3627E+00  0.1948E+01
  -1.968  0.3490E+00  0.1952E+01
  -1.958  0.3344E+00  0.1955E+01
  -1.948  0.3191E+00  0.1959E+01
  -1.938  0.3016E+00  0.1962E+01
  -1.928  0.2838E+00  0.1965E+01
  -1.918  0.2691E+00  0.1967E+01
  -1.908  0.2547E+00  0.1970E+01
  -1.898  0.2405E+00  0.1973E+01
  -1.888  0.2267E+00  0.1975E+01
  -1.878  0.2132E+00  0.1977E+01
  -1.868  0.1999E+00  0.1979E+01
  -1.858  0.1869E+00  0.1981E+01
  -1.848  0.1742E+00  0.1983E+01
  -1.838  0.1618E+00  0.1985E+01
  -1.828  0.1503E+00  0.1986E+01
  -1.818  0.1396E+00  0.1988E+01
  -1.808  0.1292E+00  0.1989E+01
  -1.798  0.1192E+00  0.1990E+01
  -1.788  0.1096E+00  0.1991E+01
  -1.778  0.1003E+00  0.1992E+01
  -1.768  0.9141E-01  0.1993E+01
  -1.758  0.8289E-01  0.1994E+01
  -1.748  0.7475E-01  0.1995E+01
  -1.738  0.6702E-01  0.1996E+01
  -1.728  0.5974E-01  0.1996E+01
  -1.718  0.5290E-01  0.1997E+01
  -1.708  0.4650E-01  0.1997E+01
  -1.698  0.4055E-01  0.1998E+01
  -1.688  0.3504E-01  0.1998E+01
  -1.678  0.3000E-01  0.1999E+01
  -1.668  0.2566E-01  0.1999E+01
  -1.658  0.2220E-01  0.1999E+01
  -1.648  0.1978E-01  0.1999E+01
  -1.638  0.1782E-01  0.1999E+01
  -1.628  0.1633E-01  0.2000E+01
  -1.618  0.1530E-01  0.2000E+01
  -1.608  0.1474E-01  0.2000E+01
  -1.598  0.1465E-01  0.2000E+01
  -1.588  0.1508E-01  0.2000E+01
  -1.578  0.1604E-01  0.2000E+01
  -1.568  0.1752E-01  0.2001E+01
  -1.558  0.1954E-01  0.2001E+01
  -1.548  0.2208E-01  0.2001E+01
  -1.538  0.2516E-01  0.2001E+01
  -1.528  0.2891E-01  0.2001E+01
  -1.518  0.3325E-01  0.2002E+01
  -1.508  0.3812E-01  0.2002E+01
  -1.498  0.4328E-01  0.2002E+01
  -1.488  0.4870E-01  0.2003E+01
  -1.478  0.5439E-01  0.2003E+01
  -1.468  0.6033E-01  0.2004E+01
  -1.458  0.6654E-01  0.2005E+01
  -1.448  0.7301E-01  0.2005E+01
  -1.438  0.7975E-01  0.2006E+01
  -1.428  0.8675E-01  0.2007E+01
  -1.418  0.9401E-01  0.2008E+01
  -1.408  0.1015E+00  0.2009E+01
  -1.398  0.1093E+00  0.2010E+01
  -1.388  0.1174E+00  0.2011E+01
  -1.378  0.1257E+00  0.2012E+01
  -1.368  0.1343E+00  0.2014E+01
  -1.358  0.1440E+00  0.2015E+01
  -1.348  0.1540E+00  0.2016E+01
  -1.338  0.1642E+00  0.2018E+01
  -1.328  0.1744E+00  0.2020E+01
  -1.318  0.1847E+00  0.2022E+01
  -1.308  0.1951E+00  0.2023E+01
  -1.298  0.2055E+00  0.2025E+01
  -1.288  0.2161E+00  0.2028E+01
  -1.278  0.2267E+00  0.2030E+01
  -1.268  0.2373E+00  0.2032E+01
  -1.258  0.2481E+00  0.2034E+01
  -1.248  0.2590E+00  0.2037E+01
  -1.238  0.2699E+00  0.2040E+01
  -1.228  0.2809E+00  0.2042E+01
  -1.218  0.2920E+00  0.2045E+01
  -1.208  0.3031E+00  0.2048E+01
  -1.198  0.3143E+00  0.2051E+01
  -1.188  0.3257E+00  0.2055E+01
  -1.178  0.3369E+00  0.2058E+01
  -1.168  0.3484E+00  0.2061E+01
  -1.158  0.3574E+00  0.2065E+01
  -1.148  0.3704E+00  0.2068E+01
  -1.138  0.3910E+00  0.2072E+01
  -1.128  0.4077E+00  0.2076E+01
  -1.118  0.4193E+00  0.2080E+01
  -1.108  0.4305E+00  0.2085E+01
  -1.098  0.4391E+00  0.2089E+01
  -1.088  0.4452E+00  0.2093E+01
  -1.078  0.4510E+00  0.2098E+01
  -1.068  0.4569E+00  0.2102E+01
  -1.058  0.4629E+00  0.2107E+01
  -1.048  0.4690E+00  0.2112E+01
  -1.038  0.4751E+00  0.2116E+01
  -1.028  0.4814E+00  0.2121E+01
  -1.018  0.4876E+00  0.2126E+01
  -1.008  0.4940E+00  0.2131E+01
  -0.998  0.4991E+00  0.2136E+01
  -0.988  0.5026E+00  0.2141E+01
  -0.978  0.5064E+00  0.2146E+01
  -0.968  0.5106E+00  0.2151E+01
  -0.958  0.5153E+00  0.2156E+01
  -0.948  0.5206E+00  0.2161E+01
  -0.938  0.5261E+00  0.2167E+01
  -0.928  0.5318E+00  0.2172E+01
  -0.918  0.5376E+00  0.2177E+01
  -0.908  0.5436E+00  0.2183E+01
  -0.898  0.5497E+00  0.2188E+01
  -0.888  0.5560E+00  0.2194E+01
  -0.878  0.5625E+00  0.2199E+01
  -0.868  0.5691E+00  0.2205E+01
  -0.858  0.5771E+00  0.2211E+01
  -0.848  0.5893E+00  0.2216E+01
  -0.838  0.6058E+00  0.2222E+01
  -0.828  0.6269E+00  0.2229E+01
  -0.818  0.6565E+00  0.2235E+01
  -0.808  0.7085E+00  0.2242E+01
  -0.798  0.7977E+00  0.2249E+01
  -0.788  0.8196E+00  0.2257E+01
  -0.778  0.8675E+00  0.2266E+01
  -0.768  0.9239E+00  0.2275E+01
  -0.758  0.9609E+00  0.2284E+01
  -0.748  0.9931E+00  0.2294E+01
  -0.738  0.1046E+01  0.2304E+01
  -0.728  0.1103E+01  0.2315E+01
  -0.718  0.1159E+01  0.2326E+01
  -0.708  0.1223E+01  0.2338E+01
  -0.698  0.1300E+01  0.2351E+01
  -0.688  0.1438E+01  0.2364E+01
  -0.678  0.1527E+01  0.2379E+01
  -0.668  0.1591E+01  0.2395E+01
  -0.658  0.1601E+01  0.2411E+01
  -0.648  0.1613E+01  0.2427E+01
  -0.638  0.1628E+01  0.2443E+01
  -0.628  0.1643E+01  0.2459E+01
  -0.618  0.1650E+01  0.2476E+01
  -0.608  0.1644E+01  0.2492E+01
  -0.598  0.1625E+01  0.2509E+01
  -0.588  0.1593E+01  0.2525E+01
  -0.578  0.1549E+01  0.2540E+01
  -0.568  0.1501E+01  0.2556E+01
  -0.558  0.1447E+01  0.2570E+01
  -0.548  0.1388E+01  0.2585E+01
  -0.538  0.1331E+01  0.2598E+01
  -0.528  0.1277E+01  0.2611E+01
  -0.518  0.1226E+01  0.2624E+01
  -0.508  0.1188E+01  0.2636E+01
  -0.498  0.1155E+01  0.2648E+01
  -0.488  0.1124E+01  0.2659E+01
  -0.478  0.1095E+01  0.2670E+01
  -0.468  0.1068E+01  0.2681E+01
  -0.458  0.1042E+01  0.2691E+01
  -0.448  0.1018E+01  0.2702E+01
  -0.438  0.9955E+00  0.2712E+01
  -0.428  0.9747E+00  0.2722E+01
  -0.418  0.9558E+00  0.2731E+01
  -0.408  0.9379E+00  0.2741E+01
  -0.398  0.9211E+00  0.2750E+01
  -0.388  0.9053E+00  0.2759E+01
  -0.378  0.8908E+00  0.2768E+01
  -0.368  0.8772E+00  0.2777E+01
  -0.358  0.8642E+00  0.2786E+01
  -0.348  0.8518E+00  0.2794E+01
  -0.338  0.8398E+00  0.2803E+01
  -0.328  0.8282E+00  0.2811E+01
  -0.318  0.8170E+00  0.2819E+01
  -0.308  0.8062E+00  0.2827E+01
  -0.298  0.7958E+00  0.2835E+01
  -0.288  0.7859E+00  0.2843E+01
  -0.278  0.7763E+00  0.2851E+01
  -0.268  0.7671E+00  0.2859E+01
  -0.258  0.7584E+00  0.2867E+01
  -0.248  0.7501E+00  0.2874E+01
  -0.238  0.7421E+00  0.2882E+01
  -0.228  0.7344E+00  0.2889E+01
  -0.218  0.7270E+00  0.2896E+01
  -0.208  0.7197E+00  0.2903E+01
  -0.198  0.7126E+00  0.2911E+01
  -0.188  0.7057E+00  0.2918E+01
  -0.178  0.6989E+00  0.2925E+01
  -0.168  0.6922E+00  0.2932E+01
  -0.158  0.6857E+00  0.2939E+01
  -0.148  0.6793E+00  0.2945E+01
  -0.138  0.6730E+00  0.2952E+01
  -0.128  0.6668E+00  0.2959E+01
  -0.118  0.6607E+00  0.2965E+01
  -0.108  0.6547E+00  0.2972E+01
  -0.098  0.6489E+00  0.2979E+01
  -0.088  0.6431E+00  0.2985E+01
  -0.078  0.6375E+00  0.2991E+01
  -0.068  0.6320E+00  0.2998E+01
  -0.058  0.6266E+00  0.3004E+01
  -0.048  0.6214E+00  0.3010E+01
  -0.038  0.6163E+00  0.3016E+01
  -0.028  0.6114E+00  0.3023E+01
  -0.018  0.6065E+00  0.3029E+01
  -0.008  0.6018E+00  0.3035E+01
   0.002  0.5971E+00  0.3041E+01
   0.012  0.5924E+00  0.3047E+01
   0.022  0.5879E+00  0.3053E+01
   0.032  0.5835E+00  0.3058E+01
   0.042  0.5794E+00  0.3064E+01
   0.052  0.5754E+00  0.3070E+01
   0.062  0.5713E+00  0.3076E+01
   0.072  0.5672E+00  0.3081E+01
   0.082  0.5631E+00  0.3087E+01
   0.092  0.5589E+00  0.3093E+01
   0.102  0.5546E+00  0.3098E+01
   0.112  0.5503E+00  0.3104E+01
   0.122  0.5460E+00  0.3109E+01
   0.132  0.5418E+00  0.3115E+01
   0.142  0.5377E+00  0.3120E+01
   0.152  0.5336E+00  0.3126E+01
   0.162  0.5296E+00  0.3131E+01
   0.172  0.5257E+00  0.3136E+01
   0.182  0.5218E+00  0.3141E+01
   0.192  0.5180E+00  0.3147E+01
   0.202  0.5143E+00  0.3152E+01
   0.212  0.5106E+00  0.3157E+01
   0.222  0.5069E+00  0.3162E+01
   0.232  0.5034E+00  0.3167E+01
   0.242  0.4999E+00  0.3172E+01
   0.252  0.4965E+00  0.3177E+01
   0.262  0.4931E+00  0.3182E+01
   0.272  0.4898E+00  0.3187E+01
   0.282  0.4865E+00  0.3192E+01
   0.292  0.4833E+00  0.3197E+01
   0.302  0.4801E+00  0.3201E+01
   0.312  0.4770E+00  0.3206E+01
   0.322  0.4739E+00  0.3211E+01
   0.332  0.4709E+00  0.3216E+01
   0.342  0.4678E+00  0.3220E+01
   0.352  0.4648E+00  0.3225E+01
   0.362  0.4619E+00  0.3230E+01
   0.372  0.4590E+00  0.3234E+01
   0.382  0.4562E+00  0.3239E+01
   0.392  0.4535E+00  0.3243E+01
   0.402  0.4509E+00  0.3248E+01
   0.412  0.4483E+00  0.3252E+01
   0.422  0.4457E+00  0.3257E+01
   0.432  0.4431E+00  0.3261E+01
   0.442  0.4405E+00  0.3266E+01
   0.452  0.4380E+00  0.3270E+01
   0.462  0.4354E+00  0.3274E+01
   0.472  0.4329E+00  0.3279E+01
   0.482  0.4304E+00  0.3283E+01
   0.492  0.4279E+00  0.3287E+01
   0.502  0.4254E+00  0.3292E+01
   0.512  0.4229E+00  0.3296E+01
   0.522  0.4204E+00  0.3300E+01
   0.532  0.4179E+00  0.3304E+01
   0.542  0.4162E+00  0.3308E+01
   0.552  0.4144E+00  0.3313E+01
   0.562  0.4124E+00  0.3317E+01
   0.572  0.4103E+00  0.3321E+01
   0.582  0.4081E+00  0.3325E+01
   0.592  0.4059E+00  0.3329E+01
   0.602  0.4035E+00  0.3333E+01
   0.612  0.4012E+00  0.3337E+01
   0.622  0.3988E+00  0.3341E+01
   0.632  0.3963E+00  0.3345E+01
   0.642  0.3938E+00  0.3349E+01
   0.652  0.3912E+00  0.3353E+01
   0.662  0.3886E+00  0.3357E+01
   0.672  0.3861E+00  0.3361E+01
   0.682  0.3836E+00  0.3365E+01
   0.692  0.3811E+00  0.3368E+01
   0.702  0.3786E+00  0.3372E+01
   0.712  0.3762E+00  0.3376E+01
   0.722  0.3737E+00  0.3380E+01
   0.732  0.3712E+00  0.3383E+01
   0.742  0.3689E+00  0.3387E+01
   0.752  0.3666E+00  0.3391E+01
   0.762  0.3644E+00  0.3395E+01
   0.772  0.3623E+00  0.3398E+01
   0.782  0.3602E+00  0.3402E+01
   0.792  0.3582E+00  0.3405E+01
   0.802  0.3562E+00  0.3409E+01
   0.812  0.3542E+00  0.3412E+01
   0.822  0.3522E+00  0.3416E+01
   0.832  0.3503E+00  0.3420E+01
   0.842  0.3483E+00  0.3423E+01
   0.852  0.3464E+00  0.3426E+01
   0.862  0.3445E+00  0.3430E+01
   0.872  0.3427E+00  0.3433E+01
   0.882  0.3408E+00  0.3437E+01
   0.892  0.3389E+00  0.3440E+01
   0.902  0.3371E+00  0.3444E+01
   0.912  0.3352E+00  0.3447E+01
   0.922  0.3334E+00  0.3450E+01
   0.932  0.3316E+00  0.3454E+01
   0.942  0.3298E+00  0.3457E+01
   0.952  0.3280E+00  0.3460E+01
   0.962  0.3262E+00  0.3463E+01
   0.972  0.3244E+00  0.3467E+01
   0.982  0.3226E+00  0.3470E+01
   0.992  0.3209E+00  0.3473E+01
   1.002  0.3191E+00  0.3476E+01
   1.012  0.3174E+00  0.3480E+01
   1.022  0.3157E+00  0.3483E+01
   1.032  0.3140E+00  0.3486E+01
   1.042  0.3123E+00  0.3489E+01
   1.052  0.3108E+00  0.3492E+01
   1.062  0.3093E+00  0.3495E+01
   1.072  0.3079E+00  0.3498E+01
   1.082  0.3066E+00  0.3501E+01
   1.092  0.3051E+00  0.3504E+01
   1.102  0.3036E+00  0.3507E+01
   1.112  0.3021E+00  0.3510E+01
   1.122  0.3006E+00  0.3514E+01
   1.132  0.2991E+00  0.3517E+01
   1.142  0.2978E+00  0.3519E+01
   1.152  0.2966E+00  0.3522E+01
   1.162  0.2953E+00  0.3525E+01
   1.172  0.2940E+00  0.3528E+01
   1.182  0.2927E+00  0.3531E+01
   1.192  0.2913E+00  0.3534E+01
   1.202  0.2899E+00  0.3537E+01
   1.212  0.2885E+00  0.3540E+01
   1.222  0.2870E+00  0.3543E+01
   1.232  0.2855E+00  0.3546E+01
   1.242  0.2839E+00  0.3549E+01
   1.252  0.2822E+00  0.3551E+01
   1.262  0.2805E+00  0.3554E+01
   1.272  0.2788E+00  0.3557E+01
   1.282  0.2771E+00  0.3560E+01
   1.292  0.2754E+00  0.3563E+01
   1.302  0.2737E+00  0.3565E+01
   1.312  0.2721E+00  0.3568E+01
   1.322  0.2704E+00  0.3571E+01
   1.332  0.2688E+00  0.3573E+01
   1.342  0.2672E+00  0.3576E+01
   1.352  0.2656E+00  0.3579E+01
   1.362  0.2641E+00  0.3581E+01
   1.372  0.2625E+00  0.3584E+01
   1.382  0.2609E+00  0.3587E+01
   1.392  0.2594E+00  0.3589E+01
   1.402  0.2579E+00  0.3592E+01
   1.412  0.2564E+00  0.3594E+01
   1.422  0.2549E+00  0.3597E+01
   1.432  0.2534E+00  0.3600E+01
   1.442  0.2520E+00  0.3602E+01
   1.452  0.2506E+00  0.3605E+01
   1.462  0.2492E+00  0.3607E+01
   1.472  0.2478E+00  0.3610E+01
   1.482  0.2464E+00  0.3612E+01
   1.492  0.2450E+00  0.3615E+01
   1.502  0.2437E+00  0.3617E+01
   1.512  0.2423E+00  0.3619E+01
   1.522  0.2410E+00  0.3622E+01
   1.532  0.2397E+00  0.3624E+01
   1.542  0.2384E+00  0.3627E+01
   1.552  0.2371E+00  0.3629E+01
   1.562  0.2358E+00  0.3631E+01
   1.572  0.2346E+00  0.3634E+01
   1.582  0.2333E+00  0.3636E+01
   1.592  0.2321E+00  0.3638E+01
   1.602  0.2309E+00  0.3641E+01
   1.612  0.2298E+00  0.3643E+01
   1.622  0.2288E+00  0.3645E+01
   1.632  0.2277E+00  0.3648E+01
   1.642  0.2267E+00  0.3650E+01
   1.652  0.2256E+00  0.3652E+01
   1.662  0.2246E+00  0.3654E+01
   1.672  0.2235E+00  0.3657E+01
   1.682  0.2224E+00  0.3659E+01
   1.692  0.2214E+00  0.3661E+01
   1.702  0.2222E+00  0.3663E+01
   1.712  0.2351E+00  0.3666E+01
   1.722  0.2535E+00  0.3668E+01
   1.732  0.2773E+00  0.3671E+01
   1.742  0.3065E+00  0.3674E+01
   1.752  0.3494E+00  0.3677E+01
   1.762  0.3900E+00  0.3680E+01
   1.772  0.4256E+00  0.3685E+01
   1.782  0.4563E+00  0.3689E+01
   1.792  0.4827E+00  0.3694E+01
   1.802  0.5091E+00  0.3699E+01
   1.812  0.5363E+00  0.3704E+01
   1.822  0.5645E+00  0.3709E+01
   1.832  0.5935E+00  0.3715E+01
   1.842  0.6277E+00  0.3721E+01
   1.852  0.6948E+00  0.3728E+01
   1.862  0.7889E+00  0.3735E+01
   1.872  0.8604E+00  0.3744E+01
   1.882  0.8746E+00  0.3752E+01
   1.892  0.8914E+00  0.3761E+01
   1.902  0.9107E+00  0.3770E+01
   1.912  0.9328E+00  0.3779E+01
   1.922  0.9580E+00  0.3789E+01
   1.932  0.9869E+00  0.3798E+01
   1.942  0.1025E+01  0.3809E+01
   1.952  0.1063E+01  0.3819E+01
   1.962  0.1103E+01  0.3830E+01
   1.972  0.1144E+01  0.3841E+01
   1.982  0.1181E+01  0.3853E+01
   1.992  0.1216E+01  0.3865E+01
   2.002  0.1249E+01  0.3877E+01
   2.012  0.1279E+01  0.3890E+01
   2.022  0.1305E+01  0.3903E+01
   2.032  0.1315E+01  0.3916E+01
   2.042  0.1244E+01  0.3928E+01
   2.052  0.1244E+01  0.3941E+01
   2.062  0.1243E+01  0.3953E+01
   2.072  0.1243E+01  0.3966E+01
   2.082  0.1242E+01  0.3978E+01
   2.092  0.1240E+01  0.3990E+01
   2.102  0.1235E+01  0.4003E+01
   2.112  0.1222E+01  0.4015E+01
   2.122  0.1215E+01  0.4027E+01
   2.132  0.1203E+01  0.4039E+01
   2.142  0.1186E+01  0.4051E+01
   2.152  0.1173E+01  0.4063E+01
   2.162  0.1162E+01  0.4075E+01
   2.172  0.1152E+01  0.4086E+01
   2.182  0.1143E+01  0.4098E+01
   2.192  0.1131E+01  0.4109E+01
   2.202  0.1121E+01  0.4120E+01
   2.212  0.1116E+01  0.4132E+01
   2.222  0.1117E+01  0.4143E+01
   2.232  0.1123E+01  0.4154E+01
   2.242  0.1119E+01  0.4165E+01
   2.252  0.1092E+01  0.4176E+01
   2.262  0.1075E+01  0.4187E+01
   2.272  0.1066E+01  0.4198E+01
   2.282  0.1058E+01  0.4208E+01
   2.292  0.1050E+01  0.4219E+01
   2.302  0.1042E+01  0.4229E+01
   2.312  0.1035E+01  0.4240E+01
   2.322  0.1029E+01  0.4250E+01
   2.332  0.1022E+01  0.4260E+01
   2.342  0.1016E+01  0.4271E+01
   2.352  0.1011E+01  0.4281E+01
   2.362  0.1006E+01  0.4291E+01
   2.372  0.1001E+01  0.4301E+01
   2.382  0.1001E+01  0.4311E+01
   2.392  0.1001E+01  0.4321E+01
   2.402  0.1001E+01  0.4331E+01
   2.412  0.1001E+01  0.4341E+01
   2.422  0.1001E+01  0.4351E+01
   2.432  0.1002E+01  0.4361E+01
   2.442  0.1003E+01  0.4371E+01
   2.452  0.1004E+01  0.4381E+01
   2.462  0.1005E+01  0.4391E+01
   2.472  0.1004E+01  0.4401E+01
   2.482  0.1002E+01  0.4411E+01
   2.492  0.9980E+00  0.4421E+01
   2.502  0.9982E+00  0.4431E+01
   2.512  0.9997E+00  0.4441E+01
   2.522  0.1001E+01  0.4451E+01
   2.532  0.1003E+01  0.4461E+01
   2.542  0.1005E+01  0.4471E+01
   2.552  0.1008E+01  0.4481E+01
   2.562  0.1010E+01  0.4491E+01
   2.572  0.1012E+01  0.4501E+01
   2.582  0.1015E+01  0.4511E+01
   2.592  0.1019E+01  0.4522E+01
   2.602  0.1025E+01  0.4532E+01
   2.612  0.1032E+01  0.4542E+01
   2.622  0.1041E+01  0.4553E+01
   2.632  0.1080E+01  0.4563E+01
   2.642  0.1071E+01  0.4574E+01
   2.652  0.1060E+01  0.4585E+01
   2.662  0.1052E+01  0.4595E+01
   2.672  0.1048E+01  0.4606E+01
   2.682  0.1045E+01  0.4616E+01
   2.692  0.1045E+01  0.4626E+01
   2.702  0.1045E+01  0.4637E+01
   2.712  0.1045E+01  0.4647E+01
   2.722  0.1046E+01  0.4658E+01
   2.732  0.1047E+01  0.4668E+01
   2.742  0.1047E+01  0.4679E+01
   2.752  0.1049E+01  0.4689E+01
   2.762  0.1051E+01  0.4700E+01
   2.772  0.1054E+01  0.4710E+01
   2.782  0.1057E+01  0.4721E+01
   2.792  0.1060E+01  0.4731E+01
   2.802  0.1064E+01  0.4742E+01
   2.812  0.1070E+01  0.4753E+01
   2.822  0.1077E+01  0.4763E+01
   2.832  0.1083E+01  0.4774E+01
   2.842  0.1089E+01  0.4785E+01
   2.852  0.1094E+01  0.4796E+01
   2.862  0.1100E+01  0.4807E+01
   2.872  0.1104E+01  0.4818E+01
   2.882  0.1106E+01  0.4829E+01
   2.892  0.1109E+01  0.4840E+01
   2.902  0.1112E+01  0.4851E+01
   2.912  0.1115E+01  0.4862E+01
   2.922  0.1118E+01  0.4874E+01
   2.932  0.1121E+01  0.4885E+01
   2.942  0.1124E+01  0.4896E+01
   2.952  0.1129E+01  0.4907E+01
   2.962  0.1133E+01  0.4919E+01
   2.972  0.1138E+01  0.4930E+01
   2.982  0.1143E+01  0.4941E+01
   2.992  0.1148E+01  0.4953E+01
   3.002  0.1151E+01  0.4964E+01
   3.012  0.1157E+01  0.4976E+01
   3.022  0.1163E+01  0.4987E+01
   3.032  0.1170E+01  0.4999E+01
   3.042  0.1177E+01  0.5011E+01
   3.052  0.1184E+01  0.5023E+01
   3.062  0.1190E+01  0.5034E+01
   3.072  0.1314E+01  0.5047E+01
   3.082  0.1256E+01  0.5060E+01
   3.092  0.1261E+01  0.5072E+01
   3.102  0.1261E+01  0.5085E+01
   3.112  0.1265E+01  0.5097E+01
   3.122  0.1271E+01  0.5110E+01
   3.132  0.1278E+01  0.5123E+01
   3.142  0.1287E+01  0.5136E+01
   3.152  0.1296E+01  0.5149E+01
   3.162  0.1307E+01  0.5162E+01
   3.172  0.1319E+01  0.5175E+01
   3.182  0.1333E+01  0.5188E+01
   3.192  0.1363E+01  0.5201E+01
   3.202  0.1384E+01  0.5215E+01
   3.212  0.1406E+01  0.5229E+01
   3.222  0.1432E+01  0.5243E+01
   3.232  0.1455E+01  0.5258E+01
   3.242  0.1473E+01  0.5272E+01
   3.252  0.1488E+01  0.5287E+01
   3.262  0.1499E+01  0.5302E+01
   3.272  0.1511E+01  0.5317E+01
   3.282  0.1524E+01  0.5332E+01
   3.292  0.1535E+01  0.5348E+01
   3.302  0.1544E+01  0.5363E+01
   3.312  0.1551E+01  0.5379E+01
   3.322  0.1534E+01  0.5394E+01
   3.332  0.1517E+01  0.5409E+01
   3.342  0.1514E+01  0.5424E+01
   3.352  0.1546E+01  0.5440E+01
   3.362  0.1538E+01  0.5455E+01
   3.372  0.1537E+01  0.5470E+01
   3.382  0.1540E+01  0.5486E+01
   3.392  0.1542E+01  0.5501E+01
   3.402  0.1542E+01  0.5517E+01
   3.412  0.1540E+01  0.5532E+01
   3.422  0.1537E+01  0.5548E+01
   3.432  0.1533E+01  0.5563E+01
   3.442  0.1595E+01  0.5578E+01
   3.452  0.1483E+01  0.5594E+01
   3.462  0.1478E+01  0.5609E+01
   3.472  0.1474E+01  0.5623E+01
   3.482  0.1470E+01  0.5638E+01
   3.492  0.1474E+01  0.5653E+01
   3.502  0.1488E+01  0.5668E+01
   3.512  0.1491E+01  0.5682E+01
   3.522  0.1486E+01  0.5697E+01
   3.532  0.1479E+01  0.5712E+01
   3.542  0.1464E+01  0.5727E+01
   3.552  0.1448E+01  0.5741E+01
   3.562  0.1444E+01  0.5756E+01
   3.572  0.1442E+01  0.5770E+01
   3.582  0.1441E+01  0.5785E+01
   3.592  0.1439E+01  0.5799E+01
   3.602  0.1437E+01  0.5813E+01
   3.612  0.1435E+01  0.5828E+01
   3.622  0.1454E+01  0.5842E+01
   3.632  0.1467E+01  0.5857E+01
   3.642  0.1466E+01  0.5872E+01
   3.652  0.1452E+01  0.5886E+01
   3.662  0.1439E+01  0.5901E+01
   3.672  0.1429E+01  0.5915E+01
   3.682  0.1422E+01  0.5929E+01
   3.692  0.1418E+01  0.5943E+01
   3.702  0.1414E+01  0.5958E+01
   3.712  0.1411E+01  0.5972E+01
   3.722  0.1407E+01  0.5986E+01
   3.732  0.1404E+01  0.6000E+01
   3.742  0.1401E+01  0.6014E+01
   3.752  0.1398E+01  0.6028E+01
   3.762  0.1394E+01  0.6042E+01
   3.772  0.1391E+01  0.6056E+01
   3.782  0.1389E+01  0.6070E+01
   3.792  0.1387E+01  0.6084E+01
   3.802  0.1384E+01  0.6097E+01
   3.812  0.1382E+01  0.6111E+01
   3.822  0.1379E+01  0.6125E+01
   3.832  0.1377E+01  0.6139E+01
   3.842  0.1375E+01  0.6153E+01
   3.852  0.1374E+01  0.6166E+01
   3.862  0.1372E+01  0.6180E+01
   3.872  0.1371E+01  0.6194E+01
   3.882  0.1370E+01  0.6207E+01
   3.892  0.1370E+01  0.6221E+01
   3.902  0.1370E+01  0.6235E+01
   3.912  0.1371E+01  0.6249E+01
   3.922  0.1372E+01  0.6262E+01
   3.932  0.1373E+01  0.6276E+01
   3.942  0.1377E+01  0.6290E+01
   3.952  0.1382E+01  0.6304E+01
   3.962  0.1383E+01  0.6317E+01
   3.972  0.1376E+01  0.6331E+01
   3.982  0.1374E+01  0.6345E+01
   3.992  0.1375E+01  0.6359E+01
   4.002  0.1365E+01  0.6372E+01
   4.012  0.1355E+01  0.6386E+01
   4.022  0.1350E+01  0.6400E+01
   4.032  0.1347E+01  0.6413E+01
   4.042  0.1347E+01  0.6426E+01
   4.052  0.1345E+01  0.6440E+01
   4.062  0.1338E+01  0.6453E+01
   4.072  0.1331E+01  0.6467E+01
   4.082  0.1327E+01  0.6480E+01
   4.092  0.1323E+01  0.6493E+01
   4.102  0.1320E+01  0.6506E+01
   4.112  0.1317E+01  0.6520E+01
   4.122  0.1315E+01  0.6533E+01
   4.132  0.1311E+01  0.6546E+01
   4.142  0.1308E+01  0.6559E+01
   4.152  0.1305E+01  0.6572E+01
   4.162  0.1302E+01  0.6585E+01
   4.172  0.1298E+01  0.6598E+01
   4.182  0.1295E+01  0.6611E+01
   4.192  0.1291E+01  0.6624E+01
   4.202  0.1287E+01  0.6637E+01
   4.212  0.1282E+01  0.6650E+01
   4.222  0.1279E+01  0.6663E+01
   4.232  0.1275E+01  0.6675E+01
   4.242  0.1272E+01  0.6688E+01
   4.252  0.1269E+01  0.6701E+01
   4.262  0.1267E+01  0.6713E+01
   4.272  0.1265E+01  0.6726E+01
   4.282  0.1263E+01  0.6739E+01
   4.292  0.1261E+01  0.6751E+01
   4.302  0.1259E+01  0.6764E+01
   4.312  0.1258E+01  0.6777E+01
   4.322  0.1257E+01  0.6789E+01
   4.332  0.1257E+01  0.6802E+01
   4.342  0.1256E+01  0.6814E+01
   4.352  0.1256E+01  0.6827E+01
   4.362  0.1292E+01  0.6840E+01
   4.372  0.1260E+01  0.6852E+01
   4.382  0.1257E+01  0.6865E+01
   4.392  0.1256E+01  0.6877E+01
   4.402  0.1255E+01  0.6890E+01
   4.412  0.1254E+01  0.6902E+01
   4.422  0.1254E+01  0.6915E+01
   4.432  0.1254E+01  0.6928E+01
   4.442  0.1253E+01  0.6940E+01
   4.452  0.1253E+01  0.6953E+01
   4.462  0.1252E+01  0.6965E+01
   4.472  0.1250E+01  0.6978E+01
   4.482  0.1245E+01  0.6990E+01
   4.492  0.1240E+01  0.7003E+01
   4.502  0.1235E+01  0.7015E+01
   4.512  0.1230E+01  0.7028E+01
   4.522  0.1263E+01  0.7040E+01
   4.532  0.1271E+01  0.7053E+01
   4.542  0.1273E+01  0.7065E+01
   4.552  0.1268E+01  0.7078E+01
   4.562  0.1256E+01  0.7091E+01
   4.572  0.1236E+01  0.7103E+01
   4.582  0.1225E+01  0.7116E+01
   4.592  0.1219E+01  0.7128E+01
   4.602  0.1214E+01  0.7140E+01
   4.612  0.1208E+01  0.7152E+01
   4.622  0.1202E+01  0.7164E+01
   4.632  0.1197E+01  0.7176E+01
   4.642  0.1192E+01  0.7188E+01
   4.652  0.1186E+01  0.7200E+01
   4.662  0.1182E+01  0.7212E+01
   4.672  0.1178E+01  0.7224E+01
   4.682  0.1179E+01  0.7235E+01
   4.692  0.1214E+01  0.7247E+01
   4.702  0.1204E+01  0.7259E+01
   4.712  0.1197E+01  0.7271E+01
   4.722  0.1192E+01  0.7283E+01
   4.732  0.1189E+01  0.7295E+01
   4.742  0.1185E+01  0.7307E+01
   4.752  0.1181E+01  0.7319E+01
   4.762  0.1176E+01  0.7331E+01
   4.772  0.1171E+01  0.7342E+01
   4.782  0.1166E+01  0.7354E+01
   4.792  0.1160E+01  0.7366E+01
   4.802  0.1154E+01  0.7377E+01
   4.812  0.1148E+01  0.7389E+01
   4.822  0.1152E+01  0.7400E+01
   4.832  0.1159E+01  0.7412E+01
   4.842  0.1162E+01  0.7424E+01
   4.852  0.1159E+01  0.7435E+01
   4.862  0.1150E+01  0.7447E+01
   4.872  0.1152E+01  0.7458E+01
   4.882  0.1135E+01  0.7470E+01
   4.892  0.1114E+01  0.7481E+01
   4.902  0.1089E+01  0.7492E+01
   4.912  0.1062E+01  0.7503E+01
   4.922  0.1031E+01  0.7513E+01
   4.932  0.9960E+00  0.7523E+01
   4.942  0.9598E+00  0.7533E+01
   4.952  0.9269E+00  0.7542E+01
   4.962  0.9005E+00  0.7552E+01
   4.972  0.8806E+00  0.7560E+01
   4.982  0.8630E+00  0.7569E+01
   4.992  0.8458E+00  0.7578E+01
   5.002  0.8292E+00  0.7586E+01
   5.012  0.8132E+00  0.7594E+01
   5.022  0.7977E+00  0.7602E+01
   5.032  0.7828E+00  0.7610E+01
   5.042  0.7684E+00  0.7618E+01
   5.052  0.8133E+00  0.7626E+01
   5.062  0.7311E+00  0.7633E+01
   5.072  0.7229E+00  0.7641E+01
   5.082  0.7276E+00  0.7648E+01
   5.092  0.7227E+00  0.7655E+01
   5.102  0.7099E+00  0.7662E+01
   5.112  0.6974E+00  0.7669E+01
   5.122  0.6844E+00  0.7676E+01
   5.132  0.6711E+00  0.7683E+01
   5.142  0.6580E+00  0.7690E+01
   5.152  0.6458E+00  0.7696E+01
   5.162  0.6339E+00  0.7703E+01
   5.172  0.6221E+00  0.7709E+01
   5.182  0.6112E+00  0.7715E+01
   5.192  0.6008E+00  0.7721E+01
   5.202  0.5904E+00  0.7727E+01
   5.212  0.5800E+00  0.7733E+01
   5.222  0.5696E+00  0.7739E+01
   5.232  0.5594E+00  0.7744E+01
   5.242  0.5494E+00  0.7750E+01
   5.252  0.5407E+00  0.7755E+01
   5.262  0.5341E+00  0.7761E+01
   5.272  0.5275E+00  0.7766E+01
   5.282  0.5208E+00  0.7771E+01
   5.292  0.5141E+00  0.7776E+01
   5.302  0.5074E+00  0.7782E+01
   5.312  0.5006E+00  0.7787E+01
   5.322  0.4989E+00  0.7792E+01
   5.332  0.5079E+00  0.7797E+01
   5.342  0.5096E+00  0.7802E+01
   5.352  0.4978E+00  0.7807E+01
   5.362  0.4870E+00  0.7812E+01
   5.372  0.4768E+00  0.7816E+01
   5.382  0.4669E+00  0.7821E+01
   5.392  0.4571E+00  0.7826E+01
   5.402  0.4474E+00  0.7830E+01
   5.412  0.4376E+00  0.7835E+01
   5.422  0.4281E+00  0.7839E+01
   5.432  0.4194E+00  0.7843E+01
   5.442  0.4110E+00  0.7847E+01
   5.452  0.4029E+00  0.7852E+01
   5.462  0.3949E+00  0.7856E+01
   5.472  0.3873E+00  0.7859E+01
   5.482  0.3819E+00  0.7863E+01
   5.492  0.3769E+00  0.7867E+01
   5.502  0.3719E+00  0.7871E+01
   5.512  0.3670E+00  0.7875E+01
   5.522  0.3622E+00  0.7878E+01
   5.532  0.3574E+00  0.7882E+01
   5.542  0.3527E+00  0.7885E+01
   5.552  0.3480E+00  0.7889E+01
   5.562  0.3480E+00  0.7892E+01
   5.572  0.3538E+00  0.7896E+01
   5.582  0.3619E+00  0.7899E+01
   5.592  0.3723E+00  0.7903E+01
   5.602  0.3573E+00  0.7907E+01
   5.612  0.4462E+00  0.7910E+01
   5.622  0.3425E+00  0.7914E+01
   5.632  0.3351E+00  0.7918E+01
   5.642  0.3267E+00  0.7921E+01
   5.652  0.3176E+00  0.7924E+01
   5.662  0.3082E+00  0.7927E+01
   5.672  0.2984E+00  0.7930E+01
   5.682  0.2882E+00  0.7933E+01
   5.692  0.2777E+00  0.7936E+01
   5.702  0.2667E+00  0.7939E+01
   5.712  0.2554E+00  0.7942E+01
   5.722  0.2471E+00  0.7944E+01
   5.732  0.2455E+00  0.7946E+01
   5.742  0.2441E+00  0.7949E+01
   5.752  0.2429E+00  0.7951E+01
   5.762  0.2419E+00  0.7954E+01
   5.772  0.2410E+00  0.7956E+01
   5.782  0.2404E+00  0.7959E+01
   5.792  0.2384E+00  0.7961E+01
   5.802  0.2335E+00  0.7963E+01
   5.812  0.2280E+00  0.7966E+01
   5.822  0.2217E+00  0.7968E+01
   5.832  0.2147E+00  0.7970E+01
   5.842  0.2070E+00  0.7972E+01
   5.852  0.1985E+00  0.7974E+01
   5.862  0.1898E+00  0.7976E+01
   5.872  0.1813E+00  0.7978E+01
   5.882  0.1726E+00  0.7980E+01
   5.892  0.1635E+00  0.7981E+01
   5.902  0.1544E+00  0.7983E+01
   5.912  0.1454E+00  0.7985E+01
   5.922  0.1364E+00  0.7986E+01
   5.932  0.1274E+00  0.7987E+01
   5.942  0.1185E+00  0.7989E+01
   5.952  0.1122E+00  0.7990E+01
   5.962  0.1060E+00  0.7991E+01
   5.972  0.9985E-01  0.7992E+01
   5.982  0.9366E-01  0.7993E+01
   5.992  0.8745E-01  0.7994E+01
   6.002  0.8122E-01  0.7995E+01
   6.012  0.7497E-01  0.7995E+01
   6.022  0.6870E-01  0.7996E+01
   6.032  0.6241E-01  0.7997E+01
   6.042  0.5610E-01  0.7997E+01
   6.052  0.4977E-01  0.7998E+01
   6.062  0.5902E-01  0.7998E+01
   6.072  0.6518E-01  0.7999E+01
   6.082  0.2724E-01  0.7999E+01
   6.092  0.1918E-01  0.8000E+01
   6.102  0.1254E-01  0.8000E+01
   6.112  0.7298E-02  0.8000E+01
   6.122  0.3467E-02  0.8000E+01
   6.132  0.1046E-02  0.8000E+01
   6.142  0.3368E-04  0.8000E+01
   6.152  0.0000E+00  0.8000E+01
   6.162  0.0000E+00  0.8000E+01
   6.172  0.0000E+00  0.8000E+01
   6.182  0.0000E+00  0.8000E+01
   6.192  0.0000E+00  0.8000E+01
   6.202  0.0000E+00  0.8000E+01
   6.212  0.0000E+00  0.8000E+01
   6.222  0.0000E+00  0.8000E+01
   6.232  0.0000E+00  0.8000E+01
   6.242  0.0000E+00  0.8000E+01
   6.252  0.0000E+00  0.8000E+01
   6.262  0.0000E+00  0.8000E+01
   6.272  0.0000E+00  0.8000E+01
   6.282  0.0000E+00  0.8000E+01
   6.292  0.0000E+00  0.8000E+01
   6.302  0.0000E+00  0.8000E+01
   6.312  0.0000E+00  0.8000E+01
   6.322  0.0000E+00  0.8000E+01
   6.332  0.0000E+00  0.8000E+01
   6.342  0.0000E+00  0.8000E+01
   6.352  0.0000E+00  0.8000E+01
   6.362  0.0000E+00  0.8000E+01
   6.372  0.0000E+00  0.8000E+01
   6.382  0.0000E+00  0.8000E+01
   6.392  0.0000E+00  0.8000E+01
   6.402  0.0000E+00  0.8000E+01
   6.412  0.0000E+00  0.8000E+01
   6.422  0.0000E+00  0.8000E+01
   6.432  0.0000E+00  0.8000E+01
   6.442  0.0000E+00  0.8000E+01
   6.452  0.0000E+00  0.8000E+01
   6.462  0.0000E+00  0.8000E+01
   6.472  0.0000E+00  0.8000E+01
   6.482  0.0000E+00  0.8000E+01
   6.492  0.0000E+00  0.8000E+01
   6.502  0.0000E+00  0.8000E+01
   6.512  0.0000E+00  0.8000E+01
   6.522  0.0000E+00  0.8000E+01
   6.532  0.0000E+00  0.8000E+01
   6.542  0.0000E+00  0.8000E+01
   6.552  0.0000E+00  0.8000E+01
   6.562  0.0000E+00  0.8000E+01
   6.572  0.0000E+00  0.8000E+01
   6.582  0.0000E+00  0.8000E+01
   6.592  0.0000E+00  0.8000E+01
   6.602  0.0000E+00  0.8000E+01
   6.612  0.0000E+00  0.8000E+01
   6.622  0.2521E-03  0.8000E+01
   6.632  0.1295E-02  0.8000E+01
   6.642  0.3148E-02  0.8000E+01
   6.652  0.5809E-02  0.8000E+01
   6.662  0.9274E-02  0.8000E+01
   6.672  0.1351E-01  0.8000E+01
   6.682  0.1851E-01  0.8000E+01
   6.692  0.2428E-01  0.8001E+01
   6.702  0.3082E-01  0.8001E+01
   6.712  0.3813E-01  0.8001E+01
   6.722  0.4620E-01  0.8002E+01
   6.732  0.5504E-01  0.8002E+01
   6.742  0.6465E-01  0.8003E+01
   6.752  0.7909E-01  0.8003E+01
   6.762  0.1053E+00  0.8004E+01
   6.772  0.1258E+00  0.8006E+01
   6.782  0.1337E+00  0.8007E+01
   6.792  0.1384E+00  0.8008E+01
   6.802  0.1433E+00  0.8010E+01
   6.812  0.1485E+00  0.8011E+01
   6.822  0.1540E+00  0.8013E+01
   6.832  0.1598E+00  0.8014E+01
   6.842  0.1659E+00  0.8016E+01
   6.852  0.1722E+00  0.8018E+01
   6.862  0.1790E+00  0.8019E+01
   6.872  0.1867E+00  0.8021E+01
   6.882  0.1952E+00  0.8023E+01
   6.892  0.2043E+00  0.8025E+01
   6.902  0.2142E+00  0.8027E+01
   6.912  0.2247E+00  0.8029E+01
   6.922  0.2360E+00  0.8032E+01
   6.932  0.2440E+00  0.8034E+01
   6.942  0.2502E+00  0.8036E+01
   6.952  0.2564E+00  0.8039E+01
   6.962  0.2624E+00  0.8042E+01
   6.972  0.2684E+00  0.8044E+01
   6.982  0.2742E+00  0.8047E+01
   6.992  0.2799E+00  0.8050E+01
   7.002  0.2856E+00  0.8053E+01
   7.012  0.2914E+00  0.8055E+01
   7.022  0.2972E+00  0.8058E+01
   7.032  0.3032E+00  0.8061E+01
   7.042  0.3092E+00  0.8064E+01
   7.052  0.3152E+00  0.8068E+01
   7.062  0.3218E+00  0.8071E+01
   7.072  0.3312E+00  0.8074E+01
   7.082  0.3439E+00  0.8077E+01
   7.092  0.3597E+00  0.8081E+01
   7.102  0.3788E+00  0.8085E+01
   7.112  0.4121E+00  0.8089E+01
   7.122  0.4498E+00  0.8093E+01
   7.132  0.3986E+00  0.8097E+01
   7.142  0.3875E+00  0.8101E+01
   7.152  0.3929E+00  0.8105E+01
   7.162  0.3982E+00  0.8109E+01
   7.172  0.4034E+00  0.8113E+01
   7.182  0.4085E+00  0.8117E+01
   7.192  0.4188E+00  0.8121E+01
   7.202  0.4503E+00  0.8125E+01
   7.212  0.4518E+00  0.8130E+01
   7.222  0.4524E+00  0.8134E+01
   7.232  0.4525E+00  0.8139E+01
   7.242  0.4521E+00  0.8144E+01
   7.252  0.4513E+00  0.8148E+01
   7.262  0.4523E+00  0.8153E+01
   7.272  0.4569E+00  0.8157E+01
   7.282  0.4615E+00  0.8162E+01
   7.292  0.4661E+00  0.8166E+01
   7.302  0.4706E+00  0.8171E+01
   7.312  0.4752E+00  0.8176E+01
   7.322  0.4790E+00  0.8181E+01
   7.332  0.4828E+00  0.8185E+01
   7.342  0.4867E+00  0.8190E+01
   7.352  0.4906E+00  0.8195E+01
   7.362  0.4948E+00  0.8200E+01
   7.372  0.4992E+00  0.8205E+01
   7.382  0.5037E+00  0.8210E+01
   7.392  0.5083E+00  0.8215E+01
   7.402  0.5134E+00  0.8220E+01
   7.412  0.5196E+00  0.8225E+01
   7.422  0.5258E+00  0.8231E+01
   7.432  0.5318E+00  0.8236E+01
   7.442  0.5382E+00  0.8241E+01
   7.452  0.5444E+00  0.8247E+01
   7.462  0.5504E+00  0.8252E+01
   7.472  0.5563E+00  0.8258E+01
   7.482  0.5621E+00  0.8263E+01
   7.492  0.5666E+00  0.8269E+01
   7.502  0.5711E+00  0.8275E+01
   7.512  0.5759E+00  0.8280E+01
   7.522  0.5802E+00  0.8286E+01
   7.532  0.5843E+00  0.8292E+01
   7.542  0.5886E+00  0.8298E+01
   7.552  0.5932E+00  0.8304E+01
   7.562  0.5981E+00  0.8310E+01
   7.572  0.6033E+00  0.8316E+01
   7.582  0.6085E+00  0.8322E+01
   7.592  0.6684E+00  0.8328E+01
   7.602  0.6432E+00  0.8335E+01
   7.612  0.6330E+00  0.8341E+01
   7.622  0.6366E+00  0.8348E+01
   7.632  0.6427E+00  0.8354E+01
   7.642  0.6491E+00  0.8360E+01
   7.652  0.6553E+00  0.8367E+01
   7.662  0.6617E+00  0.8373E+01
   7.672  0.6681E+00  0.8380E+01
   7.682  0.6748E+00  0.8387E+01
   7.692  0.6815E+00  0.8394E+01
   7.702  0.6884E+00  0.8400E+01
   7.712  0.6954E+00  0.8407E+01
   7.722  0.7026E+00  0.8414E+01
   7.732  0.7099E+00  0.8421E+01
   7.742  0.7173E+00  0.8429E+01
   7.752  0.7254E+00  0.8436E+01
   7.762  0.7338E+00  0.8443E+01
   7.772  0.7424E+00  0.8450E+01
   7.782  0.7512E+00  0.8458E+01
   7.792  0.7602E+00  0.8466E+01
   7.802  0.7697E+00  0.8473E+01
   7.812  0.7800E+00  0.8481E+01
   7.822  0.7909E+00  0.8489E+01
   7.832  0.8013E+00  0.8497E+01
   7.842  0.8116E+00  0.8505E+01
   7.852  0.8221E+00  0.8513E+01
   7.862  0.8328E+00  0.8521E+01
   7.872  0.8436E+00  0.8530E+01
   7.882  0.8547E+00  0.8538E+01
   7.892  0.8662E+00  0.8547E+01
   7.902  0.8779E+00  0.8555E+01
   7.912  0.8903E+00  0.8564E+01
   7.922  0.9049E+00  0.8573E+01
   7.932  0.9218E+00  0.8582E+01
   7.942  0.9405E+00  0.8592E+01
   7.952  0.1054E+01  0.8601E+01
   7.962  0.1016E+01  0.8612E+01
   7.972  0.1031E+01  0.8623E+01
   7.982  0.1044E+01  0.8633E+01
   7.992  0.1056E+01  0.8644E+01
   8.002  0.1070E+01  0.8654E+01
   8.012  0.1098E+01  0.8665E+01
   8.022  0.1120E+01  0.8676E+01
   8.032  0.1121E+01  0.8687E+01
   8.042  0.1139E+01  0.8699E+01
   8.052  0.1152E+01  0.8710E+01
   8.062  0.1162E+01  0.8722E+01
   8.072  0.1174E+01  0.8733E+01
   8.082  0.1188E+01  0.8745E+01
   8.092  0.1204E+01  0.8757E+01
   8.102  0.1221E+01  0.8769E+01
   8.112  0.1238E+01  0.8782E+01
   8.122  0.1259E+01  0.8794E+01
   8.132  0.1280E+01  0.8807E+01
   8.142  0.1299E+01  0.8820E+01
   8.152  0.1314E+01  0.8833E+01
   8.162  0.1326E+01  0.8846E+01
   8.172  0.1344E+01  0.8859E+01
   8.182  0.1364E+01  0.8873E+01
   8.192  0.1383E+01  0.8886E+01
   8.202  0.1403E+01  0.8900E+01
   8.212  0.1422E+01  0.8915E+01
   8.222  0.1444E+01  0.8929E+01
   8.232  0.1468E+01  0.8943E+01
   8.242  0.1493E+01  0.8958E+01
   8.252  0.1519E+01  0.8973E+01
   8.262  0.1545E+01  0.8989E+01
   8.272  0.1572E+01  0.9004E+01
   8.282  0.1601E+01  0.9020E+01
   8.292  0.1634E+01  0.9036E+01
   8.302  0.1666E+01  0.9053E+01
   8.312  0.1699E+01  0.9070E+01
   8.322  0.1731E+01  0.9087E+01
   8.332  0.1758E+01  0.9104E+01
   8.342  0.1782E+01  0.9122E+01
   8.352  0.1808E+01  0.9140E+01
   8.362  0.1841E+01  0.9158E+01
   8.372  0.1877E+01  0.9177E+01
   8.382  0.1880E+01  0.9195E+01
   8.392  0.1876E+01  0.9214E+01
   8.402  0.1873E+01  0.9233E+01
   8.412  0.1865E+01  0.9252E+01
   8.422  0.1835E+01  0.9270E+01
   8.432  0.1800E+01  0.9288E+01
   8.442  0.1780E+01  0.9306E+01
   8.452  0.1763E+01  0.9324E+01
   8.462  0.1747E+01  0.9341E+01
   8.472  0.1765E+01  0.9359E+01
   8.482  0.1794E+01  0.9377E+01
   8.492  0.1804E+01  0.9395E+01
   8.502  0.1794E+01  0.9413E+01
   8.512  0.1788E+01  0.9431E+01
   8.522  0.1781E+01  0.9449E+01
   8.532  0.1772E+01  0.9466E+01
   8.542  0.1760E+01  0.9484E+01
   8.552  0.1747E+01  0.9502E+01
   8.562  0.1732E+01  0.9519E+01
   8.572  0.1716E+01  0.9536E+01
   8.582  0.1698E+01  0.9553E+01
   8.592  0.1677E+01  0.9570E+01
   8.602  0.1654E+01  0.9587E+01
   8.612  0.1630E+01  0.9603E+01
   8.622  0.1605E+01  0.9619E+01
   8.632  0.1580E+01  0.9635E+01
   8.642  0.1557E+01  0.9651E+01
   8.652  0.1536E+01  0.9666E+01
   8.662  0.1515E+01  0.9682E+01
   8.672  0.1496E+01  0.9697E+01
   8.682  0.1478E+01  0.9712E+01
   8.692  0.1460E+01  0.9726E+01
   8.702  0.1449E+01  0.9741E+01
   8.712  0.1438E+01  0.9755E+01
   8.722  0.1428E+01  0.9770E+01
   8.732  0.1416E+01  0.9784E+01
   8.742  0.1403E+01  0.9798E+01
   8.752  0.1389E+01  0.9812E+01
   8.762  0.1376E+01  0.9826E+01
   8.772  0.1362E+01  0.9839E+01
   8.782  0.1349E+01  0.9853E+01
   8.792  0.1334E+01  0.9866E+01
   8.802  0.1307E+01  0.9880E+01
   8.812  0.1291E+01  0.9893E+01
   8.822  0.1289E+01  0.9905E+01
   8.832  0.1280E+01  0.9918E+01
   8.842  0.1269E+01  0.9931E+01
   8.852  0.1258E+01  0.9944E+01
   8.862  0.1247E+01  0.9956E+01
   8.872  0.1236E+01  0.9969E+01
   8.882  0.1224E+01  0.9981E+01
   8.892  0.1212E+01  0.9993E+01
   8.902  0.1200E+01  0.1001E+02
   8.912  0.1187E+01  0.1002E+02
   8.922  0.1174E+01  0.1003E+02
   8.932  0.1161E+01  0.1004E+02
   8.942  0.1147E+01  0.1005E+02
   8.952  0.1133E+01  0.1006E+02
   8.962  0.1116E+01  0.1007E+02
   8.972  0.1098E+01  0.1009E+02
   8.982  0.1078E+01  0.1010E+02
   8.992  0.1056E+01  0.1011E+02
   9.002  0.1030E+01  0.1012E+02
   9.012  0.1007E+01  0.1013E+02
   9.022  0.9870E+00  0.1014E+02
   9.032  0.9704E+00  0.1015E+02
   9.042  0.9604E+00  0.1016E+02
   9.052  0.9523E+00  0.1017E+02
   9.062  0.9411E+00  0.1018E+02
   9.072  0.9267E+00  0.1019E+02
   9.082  0.9091E+00  0.1020E+02
   9.092  0.8884E+00  0.1020E+02
   9.102  0.8770E+00  0.1021E+02
   9.112  0.8515E+00  0.1022E+02
   9.122  0.7882E+00  0.1023E+02
   9.132  0.7630E+00  0.1024E+02
   9.142  0.7531E+00  0.1024E+02
   9.152  0.7517E+00  0.1025E+02
   9.162  0.7506E+00  0.1026E+02
   9.172  0.7497E+00  0.1027E+02
   9.182  0.7491E+00  0.1027E+02
   9.192  0.7489E+00  0.1028E+02
   9.202  0.7494E+00  0.1029E+02
   9.212  0.7510E+00  0.1030E+02
   9.222  0.7536E+00  0.1030E+02
   9.232  0.7574E+00  0.1031E+02
   9.242  0.7625E+00  0.1032E+02
   9.252  0.7878E+00  0.1033E+02
   9.262  0.8199E+00  0.1034E+02
   9.272  0.8574E+00  0.1034E+02
   9.282  0.9108E+00  0.1035E+02
   9.292  0.9690E+00  0.1036E+02
   9.302  0.1031E+01  0.1037E+02
   9.312  0.1098E+01  0.1038E+02
   9.322  0.1169E+01  0.1039E+02
   9.332  0.1245E+01  0.1041E+02
   9.342  0.1346E+01  0.1042E+02
   9.352  0.1486E+01  0.1043E+02
   9.362  0.1618E+01  0.1045E+02
   9.372  0.1725E+01  0.1047E+02
   9.382  0.1788E+01  0.1048E+02
   9.392  0.1869E+01  0.1050E+02
   9.402  0.1961E+01  0.1052E+02
   9.412  0.2051E+01  0.1054E+02
   9.422  0.2137E+01  0.1056E+02
   9.432  0.2201E+01  0.1058E+02
   9.442  0.2243E+01  0.1061E+02
   9.452  0.2256E+01  0.1063E+02
   9.462  0.2246E+01  0.1065E+02
   9.472  0.2231E+01  0.1067E+02
   9.482  0.2219E+01  0.1070E+02
   9.492  0.2208E+01  0.1072E+02
   9.502  0.2200E+01  0.1074E+02
   9.512  0.2193E+01  0.1076E+02
   9.522  0.2188E+01  0.1078E+02
   9.532  0.2181E+01  0.1081E+02
   9.542  0.2166E+01  0.1083E+02
   9.552  0.2164E+01  0.1085E+02
   9.562  0.2156E+01  0.1087E+02
   9.572  0.2098E+01  0.1089E+02
   9.582  0.2047E+01  0.1091E+02
   9.592  0.1994E+01  0.1093E+02
   9.602  0.1943E+01  0.1095E+02
   9.612  0.1904E+01  0.1097E+02
   9.622  0.1877E+01  0.1099E+02
   9.632  0.1859E+01  0.1101E+02
   9.642  0.1854E+01  0.1103E+02
   9.652  0.1854E+01  0.1105E+02
   9.662  0.1855E+01  0.1106E+02
   9.672  0.1858E+01  0.1108E+02
   9.682  0.1863E+01  0.1110E+02
   9.692  0.1870E+01  0.1112E+02
   9.702  0.1882E+01  0.1114E+02
   9.712  0.1895E+01  0.1116E+02
   9.722  0.1902E+01  0.1118E+02
   9.732  0.1904E+01  0.1120E+02
   9.742  0.1905E+01  0.1122E+02
   9.752  0.1904E+01  0.1123E+02
   9.762  0.1902E+01  0.1125E+02
   9.772  0.1898E+01  0.1127E+02
   9.782  0.1895E+01  0.1129E+02
   9.792  0.1892E+01  0.1131E+02
   9.802  0.1890E+01  0.1133E+02
   9.812  0.1886E+01  0.1135E+02
   9.822  0.1882E+01  0.1137E+02
   9.832  0.1914E+01  0.1139E+02
   9.842  0.1904E+01  0.1141E+02
   9.852  0.1860E+01  0.1142E+02
   9.862  0.1849E+01  0.1144E+02
   9.872  0.1836E+01  0.1146E+02
   9.882  0.1818E+01  0.1148E+02
   9.892  0.1803E+01  0.1150E+02
   9.902  0.1786E+01  0.1152E+02
   9.912  0.1767E+01  0.1153E+02
   9.922  0.1746E+01  0.1155E+02
   9.932  0.1722E+01  0.1157E+02
   9.942  0.1700E+01  0.1158E+02
   9.952  0.1676E+01  0.1160E+02
   9.962  0.1650E+01  0.1162E+02
   9.972  0.1621E+01  0.1163E+02
   9.982  0.1591E+01  0.1165E+02
   9.992  0.1560E+01  0.1167E+02
  10.002  0.1521E+01  0.1168E+02
  10.012  0.1478E+01  0.1170E+02
  10.022  0.1440E+01  0.1171E+02
  10.032  0.1413E+01  0.1173E+02
  10.042  0.1399E+01  0.1174E+02
  10.052  0.1434E+01  0.1175E+02
  10.062  0.1393E+01  0.1177E+02
  10.072  0.1361E+01  0.1178E+02
  10.082  0.1338E+01  0.1180E+02
  10.092  0.1323E+01  0.1181E+02
  10.102  0.1313E+01  0.1182E+02
  10.112  0.1301E+01  0.1183E+02
  10.122  0.1292E+01  0.1185E+02
  10.132  0.1284E+01  0.1186E+02
  10.142  0.1277E+01  0.1187E+02
  10.152  0.1269E+01  0.1189E+02
  10.162  0.1262E+01  0.1190E+02
  10.172  0.1255E+01  0.1191E+02
  10.182  0.1248E+01  0.1192E+02
  10.192  0.1242E+01  0.1194E+02
  10.202  0.1236E+01  0.1195E+02
  10.212  0.1232E+01  0.1196E+02
  10.222  0.1227E+01  0.1197E+02
  10.232  0.1223E+01  0.1199E+02
  10.242  0.1220E+01  0.1200E+02
  10.252  0.1215E+01  0.1201E+02
  10.262  0.1211E+01  0.1202E+02
  10.272  0.1209E+01  0.1203E+02
  10.282  0.1211E+01  0.1205E+02
  10.292  0.1207E+01  0.1206E+02
  10.302  0.1217E+01  0.1207E+02
  10.312  0.1229E+01  0.1208E+02
  10.322  0.1244E+01  0.1210E+02
  10.332  0.1256E+01  0.1211E+02
  10.342  0.1253E+01  0.1212E+02
  10.352  0.1246E+01  0.1213E+02
  10.362  0.1243E+01  0.1215E+02
  10.372  0.1239E+01  0.1216E+02
  10.382  0.1235E+01  0.1217E+02
  10.392  0.1230E+01  0.1218E+02
  10.402  0.1226E+01  0.1219E+02
  10.412  0.1222E+01  0.1221E+02
  10.422  0.1219E+01  0.1222E+02
  10.432  0.1216E+01  0.1223E+02
  10.442  0.1213E+01  0.1224E+02
  10.452  0.1211E+01  0.1226E+02
  10.462  0.1207E+01  0.1227E+02
  10.472  0.1203E+01  0.1228E+02
  10.482  0.1200E+01  0.1229E+02
  10.492  0.1196E+01  0.1230E+02
  10.502  0.1193E+01  0.1232E+02
  10.512  0.1187E+01  0.1233E+02
  10.522  0.1181E+01  0.1234E+02
  10.532  0.1172E+01  0.1235E+02
  10.542  0.1161E+01  0.1236E+02
  10.552  0.1151E+01  0.1237E+02
  10.562  0.1137E+01  0.1239E+02
  10.572  0.1126E+01  0.1240E+02
  10.582  0.1118E+01  0.1241E+02
  10.592  0.1110E+01  0.1242E+02
  10.602  0.1103E+01  0.1243E+02
  10.612  0.1097E+01  0.1244E+02
  10.622  0.1091E+01  0.1245E+02
  10.632  0.1086E+01  0.1246E+02
  10.642  0.1082E+01  0.1247E+02
  10.652  0.1079E+01  0.1248E+02
  10.662  0.1076E+01  0.1250E+02
  10.672  0.1075E+01  0.1251E+02
  10.682  0.1074E+01  0.1252E+02
  10.692  0.1073E+01  0.1253E+02
  10.702  0.1078E+01  0.1254E+02
  10.712  0.1084E+01  0.1255E+02
  10.722  0.1091E+01  0.1256E+02
  10.732  0.1097E+01  0.1257E+02
  10.742  0.1103E+01  0.1258E+02
  10.752  0.1108E+01  0.1259E+02
  10.762  0.1113E+01  0.1260E+02
  10.772  0.1128E+01  0.1262E+02
  10.782  0.1145E+01  0.1263E+02
  10.792  0.1152E+01  0.1264E+02
  10.802  0.1154E+01  0.1265E+02
  10.812  0.1159E+01  0.1266E+02
  10.822  0.1166E+01  0.1267E+02
  10.832  0.1175E+01  0.1268E+02
  10.842  0.1184E+01  0.1270E+02
  10.852  0.1196E+01  0.1271E+02
  10.862  0.1217E+01  0.1272E+02
  10.872  0.1244E+01  0.1273E+02
  10.882  0.1271E+01  0.1275E+02
  10.892  0.1288E+01  0.1276E+02
  10.902  0.1296E+01  0.1277E+02
  10.912  0.1298E+01  0.1278E+02
  10.922  0.1292E+01  0.1280E+02
  10.932  0.1281E+01  0.1281E+02
  10.942  0.1270E+01  0.1282E+02
  10.952  0.1261E+01  0.1284E+02
  10.962  0.1252E+01  0.1285E+02
  10.972  0.1246E+01  0.1286E+02
  10.982  0.1242E+01  0.1287E+02
  10.992  0.1241E+01  0.1289E+02
  11.002  0.1232E+01  0.1290E+02
  11.012  0.1225E+01  0.1291E+02
  11.022  0.1217E+01  0.1292E+02
  11.032  0.1210E+01  0.1293E+02
  11.042  0.1202E+01  0.1295E+02
  11.052  0.1195E+01  0.1296E+02
  11.062  0.1191E+01  0.1297E+02
  11.072  0.1185E+01  0.1298E+02
  11.082  0.1187E+01  0.1299E+02
  11.092  0.1195E+01  0.1301E+02
  11.102  0.1201E+01  0.1302E+02
  11.112  0.1205E+01  0.1303E+02
  11.122  0.1208E+01  0.1304E+02
  11.132  0.1209E+01  0.1305E+02
  11.142  0.1210E+01  0.1307E+02
  11.152  0.1209E+01  0.1308E+02
  11.162  0.1206E+01  0.1309E+02
  11.172  0.1205E+01  0.1310E+02
  11.182  0.1206E+01  0.1311E+02
  11.192  0.1208E+01  0.1313E+02
  11.202  0.1211E+01  0.1314E+02
  11.212  0.1214E+01  0.1315E+02
  11.222  0.1218E+01  0.1316E+02
  11.232  0.1223E+01  0.1318E+02
  11.242  0.1224E+01  0.1319E+02
  11.252  0.1223E+01  0.1320E+02
  11.262  0.1221E+01  0.1321E+02
  11.272  0.1221E+01  0.1322E+02
  11.282  0.1221E+01  0.1324E+02
  11.292  0.1221E+01  0.1325E+02
  11.302  0.1222E+01  0.1326E+02
  11.312  0.1221E+01  0.1327E+02
  11.322  0.1221E+01  0.1329E+02
  11.332  0.1219E+01  0.1330E+02
  11.342  0.1217E+01  0.1331E+02
  11.352  0.1214E+01  0.1332E+02
  11.362  0.1211E+01  0.1333E+02
  11.372  0.1207E+01  0.1335E+02
  11.382  0.1203E+01  0.1336E+02
  11.392  0.1200E+01  0.1337E+02
  11.402  0.1198E+01  0.1338E+02
  11.412  0.1195E+01  0.1339E+02
  11.422  0.1192E+01  0.1341E+02
  11.432  0.1188E+01  0.1342E+02
  11.442  0.1183E+01  0.1343E+02
  11.452  0.1178E+01  0.1344E+02
  11.462  0.1174E+01  0.1345E+02
  11.472  0.1169E+01  0.1346E+02
  11.482  0.1159E+01  0.1348E+02
  11.492  0.1152E+01  0.1349E+02
  11.502  0.1146E+01  0.1350E+02
  11.512  0.1142E+01  0.1351E+02
  11.522  0.1139E+01  0.1352E+02
  11.532  0.1138E+01  0.1353E+02
  11.542  0.1137E+01  0.1355E+02
  11.552  0.1137E+01  0.1356E+02
  11.562  0.1136E+01  0.1357E+02
  11.572  0.1136E+01  0.1358E+02
  11.582  0.1135E+01  0.1359E+02
  11.592  0.1135E+01  0.1360E+02
  11.602  0.1135E+01  0.1361E+02
  11.612  0.1135E+01  0.1362E+02
  11.622  0.1135E+01  0.1364E+02
  11.632  0.1136E+01  0.1365E+02
  11.642  0.1136E+01  0.1366E+02
  11.652  0.1137E+01  0.1367E+02
  11.662  0.1140E+01  0.1368E+02
  11.672  0.1144E+01  0.1369E+02
  11.682  0.1148E+01  0.1370E+02
  11.692  0.1152E+01  0.1372E+02
  11.702  0.1158E+01  0.1373E+02
  11.712  0.1164E+01  0.1374E+02
  11.722  0.1172E+01  0.1375E+02
  11.732  0.1180E+01  0.1376E+02
  11.742  0.1188E+01  0.1377E+02
  11.752  0.1198E+01  0.1379E+02
  11.762  0.1207E+01  0.1380E+02
  11.772  0.1216E+01  0.1381E+02
  11.782  0.1224E+01  0.1382E+02
  11.792  0.1252E+01  0.1383E+02
  11.802  0.1261E+01  0.1385E+02
  11.812  0.1263E+01  0.1386E+02
  11.822  0.1260E+01  0.1387E+02
  11.832  0.1252E+01  0.1389E+02
  11.842  0.1238E+01  0.1390E+02
  11.852  0.1217E+01  0.1391E+02
  11.862  0.1203E+01  0.1392E+02
  11.872  0.1185E+01  0.1393E+02
  11.882  0.1167E+01  0.1395E+02
  11.892  0.1152E+01  0.1396E+02
  11.902  0.1137E+01  0.1397E+02
  11.912  0.1121E+01  0.1398E+02
  11.922  0.1105E+01  0.1399E+02
  11.932  0.1089E+01  0.1400E+02
  11.942  0.1073E+01  0.1401E+02
  11.952  0.1056E+01  0.1402E+02
  11.962  0.1042E+01  0.1403E+02
  11.972  0.1029E+01  0.1404E+02
  11.982  0.1018E+01  0.1405E+02
  11.992  0.1008E+01  0.1406E+02
  12.002  0.9999E+00  0.1407E+02
  12.012  0.1014E+01  0.1408E+02
  12.022  0.1035E+01  0.1410E+02
  12.032  0.1031E+01  0.1411E+02
  12.042  0.1025E+01  0.1412E+02
  12.052  0.1020E+01  0.1413E+02
  12.062  0.1015E+01  0.1414E+02
  12.072  0.1012E+01  0.1415E+02
  12.082  0.1009E+01  0.1416E+02
  12.092  0.1008E+01  0.1417E+02
  12.102  0.1008E+01  0.1418E+02
  12.112  0.1009E+01  0.1419E+02
  12.122  0.1009E+01  0.1420E+02
  12.132  0.1005E+01  0.1421E+02
  12.142  0.1000E+01  0.1422E+02
  12.152  0.9973E+00  0.1423E+02
  12.162  0.9945E+00  0.1424E+02
  12.172  0.9919E+00  0.1425E+02
  12.182  0.9895E+00  0.1426E+02
  12.192  0.9795E+00  0.1427E+02
  12.202  0.9666E+00  0.1428E+02
  12.212  0.9544E+00  0.1429E+02
  12.222  0.9428E+00  0.1430E+02
  12.232  0.9326E+00  0.1430E+02
  12.242  0.9263E+00  0.1431E+02
  12.252  0.9208E+00  0.1432E+02
  12.262  0.9177E+00  0.1433E+02
  12.272  0.9149E+00  0.1434E+02
  12.282  0.9124E+00  0.1435E+02
  12.292  0.9102E+00  0.1436E+02
  12.302  0.9083E+00  0.1437E+02
  12.312  0.9061E+00  0.1438E+02
  12.322  0.9044E+00  0.1439E+02
  12.332  0.9039E+00  0.1440E+02
  12.342  0.9034E+00  0.1441E+02
  12.352  0.9029E+00  0.1441E+02
  12.362  0.9024E+00  0.1442E+02
  12.372  0.9019E+00  0.1443E+02
  12.382  0.9013E+00  0.1444E+02
  12.392  0.9007E+00  0.1445E+02
  12.402  0.9000E+00  0.1446E+02
  12.412  0.8992E+00  0.1447E+02
  12.422  0.8983E+00  0.1448E+02
  12.432  0.8973E+00  0.1449E+02
  12.442  0.8961E+00  0.1450E+02
  12.452  0.8948E+00  0.1450E+02
  12.462  0.8934E+00  0.1451E+02
  12.472  0.8920E+00  0.1452E+02
  12.482  0.8908E+00  0.1453E+02
  12.492  0.8904E+00  0.1454E+02
  12.502  0.8915E+00  0.1455E+02
  12.512  0.8931E+00  0.1456E+02
  12.522  0.8959E+00  0.1457E+02
  12.532  0.8992E+00  0.1458E+02
  12.542  0.9026E+00  0.1458E+02
  12.552  0.9061E+00  0.1459E+02
  12.562  0.9097E+00  0.1460E+02
  12.572  0.9135E+00  0.1461E+02
  12.582  0.9169E+00  0.1462E+02
  12.592  0.9200E+00  0.1463E+02
  12.602  0.9233E+00  0.1464E+02
  12.612  0.9267E+00  0.1465E+02
  12.622  0.9302E+00  0.1466E+02
  12.632  0.9338E+00  0.1467E+02
  12.642  0.9375E+00  0.1468E+02
  12.652  0.9412E+00  0.1469E+02
  12.662  0.9449E+00  0.1470E+02
  12.672  0.9488E+00  0.1470E+02
  12.682  0.9527E+00  0.1471E+02
  12.692  0.9567E+00  0.1472E+02
  12.702  0.9608E+00  0.1473E+02
  12.712  0.9649E+00  0.1474E+02
  12.722  0.9691E+00  0.1475E+02
  12.732  0.9735E+00  0.1476E+02
  12.742  0.9793E+00  0.1477E+02
  12.752  0.9857E+00  0.1478E+02
  12.762  0.9924E+00  0.1479E+02
  12.772  0.9994E+00  0.1480E+02
  12.782  0.1007E+01  0.1481E+02
  12.792  0.1014E+01  0.1482E+02
  12.802  0.1022E+01  0.1483E+02
  12.812  0.1030E+01  0.1484E+02
  12.822  0.1034E+01  0.1485E+02
  12.832  0.1037E+01  0.1486E+02
  12.842  0.1041E+01  0.1487E+02
  12.852  0.1045E+01  0.1488E+02
  12.862  0.1049E+01  0.1489E+02
  12.872  0.1053E+01  0.1491E+02
  12.882  0.1056E+01  0.1492E+02
  12.892  0.1060E+01  0.1493E+02
  12.902  0.1064E+01  0.1494E+02
  12.912  0.1067E+01  0.1495E+02
  12.922  0.1071E+01  0.1496E+02
  12.932  0.1069E+01  0.1497E+02
  12.942  0.1067E+01  0.1498E+02
  12.952  0.1065E+01  0.1499E+02
  12.962  0.1064E+01  0.1500E+02
  12.972  0.1062E+01  0.1501E+02
  12.982  0.1061E+01  0.1502E+02
  12.992  0.1060E+01  0.1503E+02
  13.002  0.1059E+01  0.1504E+02
  13.012  0.1057E+01  0.1505E+02
  13.022  0.1053E+01  0.1506E+02
  13.032  0.1048E+01  0.1507E+02
  13.042  0.1045E+01  0.1509E+02
  13.052  0.1045E+01  0.1510E+02
  13.062  0.1040E+01  0.1511E+02
  13.072  0.1032E+01  0.1512E+02
  13.082  0.1020E+01  0.1513E+02
  13.092  0.1013E+01  0.1514E+02
  13.102  0.9853E+00  0.1515E+02
  13.112  0.9709E+00  0.1516E+02
  13.122  0.9590E+00  0.1517E+02
  13.132  0.9496E+00  0.1518E+02
  13.142  0.9407E+00  0.1519E+02
  13.152  0.9319E+00  0.1519E+02
  13.162  0.9233E+00  0.1520E+02
  13.172  0.9150E+00  0.1521E+02
  13.182  0.9069E+00  0.1522E+02
  13.192  0.9021E+00  0.1523E+02
  13.202  0.8969E+00  0.1524E+02
  13.212  0.8895E+00  0.1525E+02
  13.222  0.8705E+00  0.1526E+02
  13.232  0.8495E+00  0.1527E+02
  13.242  0.8313E+00  0.1528E+02
  13.252  0.8159E+00  0.1528E+02
  13.262  0.8009E+00  0.1529E+02
  13.272  0.7841E+00  0.1530E+02
  13.282  0.7709E+00  0.1531E+02
  13.292  0.7747E+00  0.1531E+02
  13.302  0.7214E+00  0.1532E+02
  13.312  0.7072E+00  0.1533E+02
  13.322  0.6947E+00  0.1534E+02
  13.332  0.6838E+00  0.1534E+02
  13.342  0.6751E+00  0.1535E+02
  13.352  0.6684E+00  0.1536E+02
  13.362  0.6635E+00  0.1536E+02
  13.372  0.6586E+00  0.1537E+02
  13.382  0.6537E+00  0.1538E+02
  13.392  0.6488E+00  0.1538E+02
  13.402  0.6439E+00  0.1539E+02
  13.412  0.6391E+00  0.1540E+02
  13.422  0.6343E+00  0.1540E+02
  13.432  0.6296E+00  0.1541E+02
  13.442  0.6250E+00  0.1542E+02
  13.452  0.6207E+00  0.1542E+02
  13.462  0.6166E+00  0.1543E+02
  13.472  0.6127E+00  0.1543E+02
  13.482  0.6090E+00  0.1544E+02
  13.492  0.6054E+00  0.1545E+02
  13.502  0.6020E+00  0.1545E+02
  13.512  0.5988E+00  0.1546E+02
  13.522  0.5957E+00  0.1546E+02
  13.532  0.5928E+00  0.1547E+02
  13.542  0.5899E+00  0.1548E+02
  13.552  0.5873E+00  0.1548E+02
  13.562  0.5847E+00  0.1549E+02
  13.572  0.5822E+00  0.1549E+02
  13.582  0.5799E+00  0.1550E+02
  13.592  0.5777E+00  0.1550E+02
  13.602  0.5756E+00  0.1551E+02
  13.612  0.5737E+00  0.1552E+02
  13.622  0.5719E+00  0.1552E+02
  13.632  0.5706E+00  0.1553E+02
  13.642  0.5776E+00  0.1553E+02
  13.652  0.5865E+00  0.1554E+02
  13.662  0.5999E+00  0.1555E+02
  13.672  0.6173E+00  0.1555E+02
  13.682  0.6222E+00  0.1556E+02
  13.692  0.6254E+00  0.1556E+02
  13.702  0.6268E+00  0.1557E+02
  13.712  0.6262E+00  0.1558E+02
  13.722  0.6240E+00  0.1558E+02
  13.732  0.6211E+00  0.1559E+02
  13.742  0.6184E+00  0.1560E+02
  13.752  0.6160E+00  0.1560E+02
  13.762  0.6138E+00  0.1561E+02
  13.772  0.6118E+00  0.1561E+02
  13.782  0.6096E+00  0.1562E+02
  13.792  0.6072E+00  0.1563E+02
  13.802  0.6045E+00  0.1563E+02
  13.812  0.6017E+00  0.1564E+02
  13.822  0.5987E+00  0.1564E+02
  13.832  0.5954E+00  0.1565E+02
  13.842  0.5996E+00  0.1566E+02
  13.852  0.5913E+00  0.1566E+02
  13.862  0.5953E+00  0.1567E+02
  13.872  0.6002E+00  0.1567E+02
  13.882  0.5499E+00  0.1568E+02
  13.892  0.4683E+00  0.1568E+02
  13.902  0.4583E+00  0.1569E+02
  13.912  0.4488E+00  0.1569E+02
  13.922  0.4397E+00  0.1570E+02
  13.932  0.4311E+00  0.1570E+02
  13.942  0.4230E+00  0.1571E+02
  13.952  0.4153E+00  0.1571E+02
  13.962  0.4080E+00  0.1571E+02
  13.972  0.4011E+00  0.1572E+02
  13.982  0.3945E+00  0.1572E+02
  13.992  0.3883E+00  0.1573E+02
  14.002  0.3821E+00  0.1573E+02
  14.012  0.3759E+00  0.1573E+02
  14.022  0.3697E+00  0.1574E+02
  14.032  0.3634E+00  0.1574E+02
  14.042  0.3572E+00  0.1575E+02
  14.052  0.3509E+00  0.1575E+02
  14.062  0.3446E+00  0.1575E+02
  14.072  0.3383E+00  0.1576E+02
  14.082  0.3320E+00  0.1576E+02
  14.092  0.3256E+00  0.1576E+02
  14.102  0.3191E+00  0.1577E+02
  14.112  0.3125E+00  0.1577E+02
  14.122  0.3054E+00  0.1577E+02
  14.132  0.2986E+00  0.1578E+02
  14.142  0.2921E+00  0.1578E+02
  14.152  0.2862E+00  0.1578E+02
  14.162  0.2809E+00  0.1578E+02
  14.172  0.2762E+00  0.1579E+02
  14.182  0.2721E+00  0.1579E+02
  14.192  0.2683E+00  0.1579E+02
  14.202  0.2651E+00  0.1579E+02
  14.212  0.2626E+00  0.1580E+02
  14.222  0.2607E+00  0.1580E+02
  14.232  0.2591E+00  0.1580E+02
  14.242  0.2576E+00  0.1581E+02
  14.252  0.2562E+00  0.1581E+02
  14.262  0.2549E+00  0.1581E+02
  14.272  0.2537E+00  0.1581E+02
  14.282  0.2525E+00  0.1582E+02
  14.292  0.2515E+00  0.1582E+02
  14.302  0.2506E+00  0.1582E+02
  14.312  0.2497E+00  0.1582E+02
  14.322  0.2489E+00  0.1583E+02
  14.332  0.2469E+00  0.1583E+02
  14.342  0.2452E+00  0.1583E+02
  14.352  0.2439E+00  0.1583E+02
  14.362  0.2429E+00  0.1584E+02
  14.372  0.2422E+00  0.1584E+02
  14.382  0.2416E+00  0.1584E+02
  14.392  0.2418E+00  0.1584E+02
  14.402  0.2442E+00  0.1584E+02
  14.412  0.2451E+00  0.1585E+02
  14.422  0.2406E+00  0.1585E+02
  14.432  0.2349E+00  0.1585E+02
  14.442  0.2312E+00  0.1585E+02
  14.452  0.1919E+00  0.1586E+02
  14.462  0.1883E+00  0.1586E+02
  14.472  0.1867E+00  0.1586E+02
  14.482  0.1852E+00  0.1586E+02
  14.492  0.1836E+00  0.1586E+02
  14.502  0.1820E+00  0.1587E+02
  14.512  0.1805E+00  0.1587E+02
  14.522  0.1789E+00  0.1587E+02
  14.532  0.1774E+00  0.1587E+02
  14.542  0.1758E+00  0.1587E+02
  14.552  0.1743E+00  0.1587E+02
  14.562  0.1728E+00  0.1588E+02
  14.572  0.1713E+00  0.1588E+02
  14.582  0.1698E+00  0.1588E+02
  14.592  0.1683E+00  0.1588E+02
  14.602  0.1668E+00  0.1588E+02
  14.612  0.1653E+00  0.1588E+02
  14.622  0.1639E+00  0.1589E+02
  14.632  0.1624E+00  0.1589E+02
  14.642  0.1610E+00  0.1589E+02
  14.652  0.1595E+00  0.1589E+02
  14.662  0.1581E+00  0.1589E+02
  14.672  0.1566E+00  0.1589E+02
  14.682  0.1552E+00  0.1590E+02
  14.692  0.1538E+00  0.1590E+02
  14.702  0.1524E+00  0.1590E+02
  14.712  0.1510E+00  0.1590E+02
  14.722  0.1496E+00  0.1590E+02
  14.732  0.1482E+00  0.1590E+02
  14.742  0.1469E+00  0.1591E+02
  14.752  0.1455E+00  0.1591E+02
  14.762  0.1441E+00  0.1591E+02
  14.772  0.1428E+00  0.1591E+02
  14.782  0.1414E+00  0.1591E+02
  14.792  0.1401E+00  0.1591E+02
  14.802  0.1388E+00  0.1591E+02
  14.812  0.1374E+00  0.1592E+02
  14.822  0.1361E+00  0.1592E+02
  14.832  0.1348E+00  0.1592E+02
  14.842  0.1335E+00  0.1592E+02
  14.852  0.1322E+00  0.1592E+02
  14.862  0.1310E+00  0.1592E+02
  14.872  0.1297E+00  0.1592E+02
  14.882  0.1284E+00  0.1592E+02
  14.892  0.1272E+00  0.1593E+02
  14.902  0.1259E+00  0.1593E+02
  14.912  0.1247E+00  0.1593E+02
  14.922  0.1234E+00  0.1593E+02
  14.932  0.1222E+00  0.1593E+02
  14.942  0.1210E+00  0.1593E+02
  14.952  0.1198E+00  0.1593E+02
  14.962  0.1186E+00  0.1593E+02
  14.972  0.1174E+00  0.1594E+02
  14.982  0.1162E+00  0.1594E+02
  14.992  0.1150E+00  0.1594E+02
  15.002  0.1138E+00  0.1594E+02
  15.012  0.1127E+00  0.1594E+02
  15.022  0.1115E+00  0.1594E+02
  15.032  0.1104E+00  0.1594E+02
  15.042  0.1093E+00  0.1594E+02
  15.052  0.1082E+00  0.1594E+02
  15.062  0.1071E+00  0.1595E+02
  15.072  0.1060E+00  0.1595E+02
  15.082  0.1050E+00  0.1595E+02
  15.092  0.1040E+00  0.1595E+02
  15.102  0.1030E+00  0.1595E+02
  15.112  0.1020E+00  0.1595E+02
  15.122  0.1011E+00  0.1595E+02
  15.132  0.1002E+00  0.1595E+02
  15.142  0.9924E-01  0.1595E+02
  15.152  0.9836E-01  0.1595E+02
  15.162  0.9749E-01  0.1596E+02
  15.172  0.9665E-01  0.1596E+02
  15.182  0.9583E-01  0.1596E+02
  15.192  0.9503E-01  0.1596E+02
  15.202  0.9425E-01  0.1596E+02
  15.212  0.9350E-01  0.1596E+02
  15.222  0.9276E-01  0.1596E+02
  15.232  0.9206E-01  0.1596E+02
  15.242  0.9270E-01  0.1596E+02
  15.252  0.9421E-01  0.1596E+02
  15.262  0.9546E-01  0.1597E+02
  15.272  0.9647E-01  0.1597E+02
  15.282  0.9724E-01  0.1597E+02
  15.292  0.9776E-01  0.1597E+02
  15.302  0.9804E-01  0.1597E+02
  15.312  0.9770E-01  0.1597E+02
  15.322  0.9677E-01  0.1597E+02
  15.332  0.9590E-01  0.1597E+02
  15.342  0.9508E-01  0.1597E+02
  15.352  0.9433E-01  0.1597E+02
  15.362  0.9363E-01  0.1597E+02
  15.372  0.9300E-01  0.1598E+02
  15.382  0.9242E-01  0.1598E+02
  15.392  0.9190E-01  0.1598E+02
  15.402  0.9144E-01  0.1598E+02
  15.412  0.9104E-01  0.1598E+02
  15.422  0.9070E-01  0.1598E+02
  15.432  0.9042E-01  0.1598E+02
  15.442  0.9020E-01  0.1598E+02
  15.452  0.9004E-01  0.1598E+02
  15.462  0.8993E-01  0.1598E+02
  15.472  0.8988E-01  0.1598E+02
  15.482  0.8990E-01  0.1599E+02
  15.492  0.9672E-01  0.1599E+02
  15.502  0.1033E+00  0.1599E+02
  15.512  0.1030E+00  0.1599E+02
  15.522  0.9597E-01  0.1599E+02
  15.532  0.8211E-01  0.1599E+02
  15.542  0.6457E-01  0.1599E+02
  15.552  0.6136E-01  0.1599E+02
  15.562  0.5762E-01  0.1599E+02
  15.572  0.5335E-01  0.1599E+02
  15.582  0.4856E-01  0.1599E+02
  15.592  0.4325E-01  0.1599E+02
  15.602  0.3741E-01  0.1599E+02
  15.612  0.3105E-01  0.1599E+02
  15.622  0.2502E-01  0.1600E+02
  15.632  0.2415E-01  0.1600E+02
  15.642  0.2330E-01  0.1600E+02
  15.652  0.2246E-01  0.1600E+02
  15.662  0.2164E-01  0.1600E+02
  15.672  0.2083E-01  0.1600E+02
  15.682  0.2004E-01  0.1600E+02
  15.692  0.1926E-01  0.1600E+02
  15.702  0.1850E-01  0.1600E+02
  15.712  0.1775E-01  0.1600E+02
  15.722  0.1702E-01  0.1600E+02
  15.732  0.1630E-01  0.1600E+02
  15.742  0.1560E-01  0.1600E+02
  15.752  0.1492E-01  0.1600E+02
  15.762  0.1425E-01  0.1600E+02
  15.772  0.1360E-01  0.1600E+02
  15.782  0.1296E-01  0.1600E+02
  15.792  0.1233E-01  0.1600E+02
  15.802  0.1173E-01  0.1600E+02
  15.812  0.1113E-01  0.1600E+02
  15.822  0.1056E-01  0.1600E+02
  15.832  0.9995E-02  0.1600E+02
  15.842  0.9449E-02  0.1600E+02
  15.852  0.8918E-02  0.1600E+02
  15.862  0.8402E-02  0.1600E+02
  15.872  0.7901E-02  0.1600E+02
  15.882  0.7416E-02  0.1600E+02
  15.892  0.6947E-02  0.1600E+02
  15.902  0.6492E-02  0.1600E+02
  15.912  0.6053E-02  0.1600E+02
  15.922  0.5630E-02  0.1600E+02
  15.932  0.5222E-02  0.1600E+02
  15.942  0.4829E-02  0.1600E+02
  15.952  0.4451E-02  0.1600E+02
  15.962  0.4089E-02  0.1600E+02
  15.972  0.3742E-02  0.1600E+02
  15.982  0.3411E-02  0.1600E+02
  15.992  0.3095E-02  0.1600E+02
  16.002  0.2794E-02  0.1600E+02
  16.012  0.2509E-02  0.1600E+02
  16.022  0.2239E-02  0.1600E+02
  16.032  0.1984E-02  0.1600E+02
  16.042  0.1745E-02  0.1600E+02
  16.052  0.1521E-02  0.1600E+02
  16.062  0.1313E-02  0.1600E+02
  16.072  0.1120E-02  0.1600E+02
  16.082  0.9418E-03  0.1600E+02
  16.092  0.7794E-03  0.1600E+02
  16.102  0.6323E-03  0.1600E+02
  16.112  0.5006E-03  0.1600E+02
  16.122  0.3843E-03  0.1600E+02
  16.132  0.2833E-03  0.1600E+02
  16.142  0.1977E-03  0.1600E+02
  16.152  0.1274E-03  0.1600E+02
  16.162  0.7255E-04  0.1600E+02
  16.172  0.3302E-04  0.1600E+02
  16.182  0.8848E-05  0.1600E+02
  16.192  0.4123E-07  0.1600E+02
